TABLE NO.  1
 NMROW       TVKA        TVV2        TVV3        TVCL        KA          V2          V3          CL          Q           IPRED       Y           DV          PRED        RES         WRES
  1.0000E+00  2.1666E+00  7.5729E+01  1.5006E+02  1.3978E+01  2.1666E+00  7.6509E+01  1.5006E+02  1.7610E+01  8.4865E+00  0.0000E+00  0.0000E+00  0.0000E+00  0.0000E+00  0.0000E+00  0.0000E+00
  2.0000E+00  2.1666E+00  7.5729E+01  1.5006E+02  1.3978E+01  2.1666E+00  7.6509E+01  1.5006E+02  1.7610E+01  8.4865E+00  0.0000E+00  0.0000E+00  0.0000E+00  0.0000E+00  0.0000E+00  0.0000E+00
  3.0000E+00  2.1666E+00  7.5729E+01  1.5006E+02  1.3978E+01  2.1666E+00  7.6509E+01  1.5006E+02  1.7610E+01  8.4865E+00  2.7802E+00  3.2111E+00  0.0000E+00  2.8907E+00  0.0000E+00  0.0000E+00
  4.0000E+00  2.1666E+00  7.5729E+01  1.5006E+02  1.3978E+01  2.1666E+00  7.6509E+01  1.5006E+02  1.7610E+01  8.4865E+00  2.3124E+00  3.3709E+00  0.0000E+00  2.4982E+00  0.0000E+00  0.0000E+00
  5.0000E+00  2.1666E+00  7.5729E+01  1.5006E+02  1.3978E+01  2.1666E+00  7.6509E+01  1.5006E+02  1.7610E+01  8.4865E+00  1.7091E+00  1.3275E+00  0.0000E+00  1.9258E+00  0.0000E+00  0.0000E+00
  6.0000E+00  2.1666E+00  7.5729E+01  1.5006E+02  1.3978E+01  2.1666E+00  7.6509E+01  1.5006E+02  1.7610E+01  8.4865E+00  1.2551E+00  9.6164E-01  0.0000E+00  1.4754E+00  0.0000E+00  0.0000E+00
  7.0000E+00  2.1666E+00  7.5729E+01  1.5006E+02  1.3978E+01  2.1666E+00  7.6509E+01  1.5006E+02  1.7610E+01  8.4865E+00  9.3313E-01  8.2054E-01  0.0000E+00  1.1424E+00  0.0000E+00  0.0000E+00
  8.0000E+00  2.1666E+00  7.5729E+01  1.5006E+02  1.3978E+01  2.1666E+00  7.6509E+01  1.5006E+02  1.7610E+01  8.4865E+00  7.0639E-01  4.8498E-01  0.0000E+00  8.9808E-01  0.0000E+00  0.0000E+00
  9.0000E+00  2.1666E+00  7.5729E+01  1.5006E+02  1.3978E+01  2.1666E+00  7.6509E+01  1.5006E+02  1.7610E+01  8.4865E+00  5.4641E-01  2.8002E-01  0.0000E+00  7.1850E-01  0.0000E+00  0.0000E+00
  1.0000E+01  2.1666E+00  7.5729E+01  1.5006E+02  1.3978E+01  2.1666E+00  7.6509E+01  1.5006E+02  1.7610E+01  8.4865E+00  4.3306E-01  5.4190E-01  0.0000E+00  5.8604E-01  0.0000E+00  0.0000E+00
  1.1000E+01  2.1666E+00  7.5729E+01  1.5006E+02  1.3978E+01  2.1666E+00  7.6509E+01  1.5006E+02  1.7610E+01  8.4865E+00  3.5225E-01  3.6802E-01  0.0000E+00  4.8784E-01  0.0000E+00  0.0000E+00
  1.2000E+01  2.1666E+00  7.5729E+01  1.5006E+02  1.3978E+01  2.1666E+00  7.6509E+01  1.5006E+02  1.7610E+01  8.4865E+00  2.9418E-01  1.7817E-01  0.0000E+00  4.1458E-01  0.0000E+00  0.0000E+00
  1.3000E+01  2.1666E+00  7.5729E+01  1.5006E+02  1.3978E+01  2.1666E+00  7.6509E+01  1.5006E+02  1.7610E+01  8.4865E+00  2.5200E-01  2.7122E-01  0.0000E+00  3.5947E-01  0.0000E+00  0.0000E+00
  1.4000E+01  2.1666E+00  7.5729E+01  1.5006E+02  1.3978E+01  2.1666E+00  7.6509E+01  1.5006E+02  1.7610E+01  8.4865E+00  2.2096E-01  2.8945E-01  0.0000E+00  3.1761E-01  0.0000E+00  0.0000E+00
  1.5000E+01  2.1666E+00  7.5729E+01  1.5006E+02  1.3978E+01  2.1666E+00  7.6509E+01  1.5006E+02  1.7610E+01  8.4865E+00  1.9773E-01  2.9790E-01  0.0000E+00  2.8541E-01  0.0000E+00  0.0000E+00
  1.6000E+01  2.1666E+00  7.5729E+01  1.5006E+02  1.3978E+01  2.1666E+00  7.6509E+01  1.5006E+02  1.7610E+01  8.4865E+00  1.8000E-01  1.9178E-01  0.0000E+00  2.6028E-01  0.0000E+00  0.0000E+00
  1.7000E+01  2.1666E+00  7.5729E+01  1.5006E+02  1.3978E+01  2.1666E+00  7.6509E+01  1.5006E+02  1.7610E+01  8.4865E+00  1.6616E-01  1.9726E-01  0.0000E+00  2.4034E-01  0.0000E+00  0.0000E+00
  1.8000E+01  2.1666E+00  7.5729E+01  1.5006E+02  1.3978E+01  2.1666E+00  7.6509E+01  1.5006E+02  1.7610E+01  8.4865E+00  1.5507E-01  1.2037E-01  0.0000E+00  2.2423E-01  0.0000E+00  0.0000E+00
  1.9000E+01  2.1666E+00  7.5729E+01  1.5006E+02  1.3978E+01  2.1666E+00  7.6509E+01  1.5006E+02  1.7610E+01  8.4865E+00  1.4596E-01  2.5053E-01  0.0000E+00  2.1094E-01  0.0000E+00  0.0000E+00
  2.0000E+01  2.1666E+00  7.5729E+01  1.5006E+02  1.3978E+01  2.1666E+00  7.6509E+01  1.5006E+02  1.7610E+01  8.4865E+00  1.3827E-01  1.5465E-01  0.0000E+00  1.9975E-01  0.0000E+00  0.0000E+00
  2.1000E+01  2.1666E+00  7.5729E+01  1.5006E+02  1.3978E+01  2.1666E+00  7.6509E+01  1.5006E+02  1.7610E+01  8.4865E+00  1.3163E-01  1.3273E-01  0.0000E+00  1.9013E-01  0.0000E+00  0.0000E+00
  2.2000E+01  2.1666E+00  7.5729E+01  1.5006E+02  1.3978E+01  2.1666E+00  7.6509E+01  1.5006E+02  1.7610E+01  8.4865E+00  1.2575E-01  1.4741E-01  0.0000E+00  1.8171E-01  0.0000E+00  0.0000E+00
  2.3000E+01  2.1666E+00  7.5729E+01  1.5006E+02  1.3978E+01  2.1666E+00  7.6509E+01  1.5006E+02  1.7610E+01  8.4865E+00  1.2045E-01  2.0617E-01  0.0000E+00  1.7419E-01  0.0000E+00  0.0000E+00
  2.4000E+01  2.1666E+00  7.5729E+01  1.5006E+02  1.3978E+01  2.1666E+00  7.6509E+01  1.5006E+02  1.7610E+01  8.4865E+00  1.1559E-01  1.1293E-01  0.0000E+00  1.6739E-01  0.0000E+00  0.0000E+00
  2.5000E+01  2.1666E+00  7.5729E+01  1.5006E+02  1.3978E+01  2.1666E+00  7.6509E+01  1.5006E+02  1.7610E+01  8.4865E+00  1.1109E-01  1.2690E-01  0.0000E+00  1.6113E-01  0.0000E+00  0.0000E+00
  2.6000E+01  2.1666E+00  7.5729E+01  1.5006E+02  1.3978E+01  2.1666E+00  7.6509E+01  1.5006E+02  1.7610E+01  8.4865E+00  1.0688E-01  6.4599E-02  0.0000E+00  1.5532E-01  0.0000E+00  0.0000E+00
  2.7000E+01  2.1666E+00  7.5729E+01  1.5006E+02  1.3978E+01  2.1666E+00  7.6509E+01  1.5006E+02  1.7610E+01  8.4865E+00  1.0688E-01  3.7377E-02  0.0000E+00  1.5532E-01  0.0000E+00  0.0000E+00
  2.8000E+01  2.1666E+00  7.5729E+01  1.5006E+02  1.3978E+01  2.1666E+00  7.6509E+01  1.5006E+02  1.7610E+01  8.4865E+00  1.4930E+00  1.5040E+00  0.0000E+00  1.5952E+00  0.0000E+00  0.0000E+00
  2.9000E+01  2.1666E+00  7.5729E+01  1.5006E+02  1.3978E+01  2.1666E+00  7.6509E+01  1.5006E+02  1.7610E+01  8.4865E+00  1.2553E+00  9.2518E-01  0.0000E+00  1.3938E+00  0.0000E+00  0.0000E+00
  3.0000E+01  2.1666E+00  7.5729E+01  1.5006E+02  1.3978E+01  2.1666E+00  7.6509E+01  1.5006E+02  1.7610E+01  8.4865E+00  9.5006E-01  1.0896E+00  0.0000E+00  1.1028E+00  0.0000E+00  0.0000E+00
  3.1000E+01  2.1666E+00  7.5729E+01  1.5006E+02  1.3978E+01  2.1666E+00  7.6509E+01  1.5006E+02  1.7610E+01  8.4865E+00  7.1962E-01  4.9260E-01  0.0000E+00  8.7289E-01  0.0000E+00  0.0000E+00
  3.2000E+01  2.1666E+00  7.5729E+01  1.5006E+02  1.3978E+01  2.1666E+00  7.6509E+01  1.5006E+02  1.7610E+01  8.4865E+00  5.5533E-01  7.0263E-01  0.0000E+00  7.0194E-01  0.0000E+00  0.0000E+00
  3.3000E+01  2.1666E+00  7.5729E+01  1.5006E+02  1.3978E+01  2.1666E+00  7.6509E+01  1.5006E+02  1.7610E+01  8.4865E+00  4.3879E-01  4.9247E-01  0.0000E+00  5.7549E-01  0.0000E+00  0.0000E+00
  3.4000E+01  2.1666E+00  7.5729E+01  1.5006E+02  1.3978E+01  2.1666E+00  7.6509E+01  1.5006E+02  1.7610E+01  8.4865E+00  3.5576E-01  3.4180E-01  0.0000E+00  4.8158E-01  0.0000E+00  0.0000E+00
  3.5000E+01  2.1666E+00  7.5729E+01  1.5006E+02  1.3978E+01  2.1666E+00  7.6509E+01  1.5006E+02  1.7610E+01  8.4865E+00  2.9615E-01  3.0946E-01  0.0000E+00  4.1138E-01  0.0000E+00  0.0000E+00
  3.6000E+01  2.1666E+00  7.5729E+01  1.5006E+02  1.3978E+01  2.1666E+00  7.6509E+01  1.5006E+02  1.7610E+01  8.4865E+00  2.5292E-01  2.7219E-01  0.0000E+00  3.5846E-01  0.0000E+00  0.0000E+00
  3.7000E+01  2.1666E+00  7.5729E+01  1.5006E+02  1.3978E+01  2.1666E+00  7.6509E+01  1.5006E+02  1.7610E+01  8.4865E+00  2.2116E-01  2.1130E-01  0.0000E+00  3.1813E-01  0.0000E+00  0.0000E+00
  3.8000E+01  2.1666E+00  7.5729E+01  1.5006E+02  1.3978E+01  2.1666E+00  7.6509E+01  1.5006E+02  1.7610E+01  8.4865E+00  1.9744E-01  2.4170E-01  0.0000E+00  2.8701E-01  0.0000E+00  0.0000E+00
  3.9000E+01  2.1666E+00  7.5729E+01  1.5006E+02  1.3978E+01  2.1666E+00  7.6509E+01  1.5006E+02  1.7610E+01  8.4865E+00  1.7939E-01  1.3125E-01  0.0000E+00  2.6263E-01  0.0000E+00  0.0000E+00
  4.0000E+01  2.1666E+00  7.5729E+01  1.5006E+02  1.3978E+01  2.1666E+00  7.6509E+01  1.5006E+02  1.7610E+01  8.4865E+00  1.6534E-01  1.8671E-01  0.0000E+00  2.4319E-01  0.0000E+00  0.0000E+00
  4.1000E+01  2.1666E+00  7.5729E+01  1.5006E+02  1.3978E+01  2.1666E+00  7.6509E+01  1.5006E+02  1.7610E+01  8.4865E+00  1.5412E-01  1.2508E-01  0.0000E+00  2.2740E-01  0.0000E+00  0.0000E+00
  4.2000E+01  2.1666E+00  7.5729E+01  1.5006E+02  1.3978E+01  2.1666E+00  7.6509E+01  1.5006E+02  1.7610E+01  8.4865E+00  1.4493E-01  1.3000E-01  0.0000E+00  2.1431E-01  0.0000E+00  0.0000E+00
  4.3000E+01  2.1666E+00  7.5729E+01  1.5006E+02  1.3978E+01  2.1666E+00  7.6509E+01  1.5006E+02  1.7610E+01  8.4865E+00  1.3720E-01  1.5374E-01  0.0000E+00  2.0323E-01  0.0000E+00  0.0000E+00
  4.4000E+01  2.1666E+00  7.5729E+01  1.5006E+02  1.3978E+01  2.1666E+00  7.6509E+01  1.5006E+02  1.7610E+01  8.4865E+00  1.3054E-01  1.3283E-01  0.0000E+00  1.9367E-01  0.0000E+00  0.0000E+00
  4.5000E+01  2.1666E+00  7.5729E+01  1.5006E+02  1.3978E+01  2.1666E+00  7.6509E+01  1.5006E+02  1.7610E+01  8.4865E+00  1.2466E-01  1.5546E-01  0.0000E+00  1.8525E-01  0.0000E+00  0.0000E+00
  4.6000E+01  2.1666E+00  7.5729E+01  1.5006E+02  1.3978E+01  2.1666E+00  7.6509E+01  1.5006E+02  1.7610E+01  8.4865E+00  1.1937E-01  3.3241E-02  0.0000E+00  1.7770E-01  0.0000E+00  0.0000E+00
  4.7000E+01  2.1666E+00  7.5729E+01  1.5006E+02  1.3978E+01  2.1666E+00  7.6509E+01  1.5006E+02  1.7610E+01  8.4865E+00  1.1454E-01  1.2358E-01  0.0000E+00  1.7084E-01  0.0000E+00  0.0000E+00
  4.8000E+01  2.1666E+00  7.5729E+01  1.5006E+02  1.3978E+01  2.1666E+00  7.6509E+01  1.5006E+02  1.7610E+01  8.4865E+00  1.1006E-01  9.5026E-03  0.0000E+00  1.6452E-01  0.0000E+00  0.0000E+00
  4.9000E+01  2.1666E+00  7.5729E+01  1.5006E+02  1.3978E+01  2.1666E+00  7.6509E+01  1.5006E+02  1.7610E+01  8.4865E+00  1.0587E-01  8.8026E-02  0.0000E+00  1.5864E-01  0.0000E+00  0.0000E+00
  5.0000E+01  2.1666E+00  7.5729E+01  1.5006E+02  1.3978E+01  2.1666E+00  7.6509E+01  1.5006E+02  1.7610E+01  8.4865E+00  1.0192E-01  7.1371E-02  0.0000E+00  1.5311E-01  0.0000E+00  0.0000E+00
  5.1000E+01  2.1666E+00  7.5729E+01  1.5006E+02  1.3978E+01  2.1666E+00  7.6509E+01  1.5006E+02  1.7610E+01  8.4865E+00  9.8175E-02  6.5267E-02  0.0000E+00  1.4788E-01  0.0000E+00  0.0000E+00
  5.2000E+01  2.1666E+00  7.5729E+01  1.5006E+02  1.3978E+01  2.1666E+00  7.6509E+01  1.5006E+02  1.7610E+01  8.4865E+00  1.4847E+00  1.4570E+00  0.0000E+00  1.5882E+00  0.0000E+00  0.0000E+00
  5.3000E+01  2.1666E+00  7.5729E+01  1.5006E+02  1.3978E+01  2.1666E+00  7.6509E+01  1.5006E+02  1.7610E+01  8.4865E+00  1.2474E+00  1.4962E+00  0.0000E+00  1.3873E+00  0.0000E+00  0.0000E+00
  5.4000E+01  2.1666E+00  7.5729E+01  1.5006E+02  1.3978E+01  2.1666E+00  7.6509E+01  1.5006E+02  1.7610E+01  8.4865E+00  9.4246E-01  8.4455E-01  0.0000E+00  1.0965E+00  0.0000E+00  0.0000E+00
  5.5000E+01  2.1666E+00  7.5729E+01  1.5006E+02  1.3978E+01  2.1666E+00  7.6509E+01  1.5006E+02  1.7610E+01  8.4865E+00  7.1232E-01  6.1479E-01  0.0000E+00  8.6694E-01  0.0000E+00  0.0000E+00
  5.6000E+01  2.1666E+00  7.5729E+01  1.5006E+02  1.3978E+01  2.1666E+00  7.6509E+01  1.5006E+02  1.7610E+01  8.4865E+00  5.4832E-01  2.8929E-01  0.0000E+00  6.9625E-01  0.0000E+00  0.0000E+00
  5.7000E+01  2.1666E+00  7.5729E+01  1.5006E+02  1.3978E+01  2.1666E+00  7.6509E+01  1.5006E+02  1.7610E+01  8.4865E+00  4.3204E-01  4.5946E-01  0.0000E+00  5.7002E-01  0.0000E+00  0.0000E+00
  5.8000E+01  2.1666E+00  7.5729E+01  1.5006E+02  1.3978E+01  2.1666E+00  7.6509E+01  1.5006E+02  1.7610E+01  8.4865E+00  3.4926E-01  4.2956E-01  0.0000E+00  4.7632E-01  0.0000E+00  0.0000E+00
  5.9000E+01  2.1666E+00  7.5729E+01  1.5006E+02  1.3978E+01  2.1666E+00  7.6509E+01  1.5006E+02  1.7610E+01  8.4865E+00  2.8988E-01  3.9584E-01  0.0000E+00  4.0632E-01  0.0000E+00  0.0000E+00
  6.0000E+01  2.1666E+00  7.5729E+01  1.5006E+02  1.3978E+01  2.1666E+00  7.6509E+01  1.5006E+02  1.7610E+01  8.4865E+00  2.4688E-01  2.7473E-01  0.0000E+00  3.5357E-01  0.0000E+00  0.0000E+00
  6.1000E+01  2.1666E+00  7.5729E+01  1.5006E+02  1.3978E+01  2.1666E+00  7.6509E+01  1.5006E+02  1.7610E+01  8.4865E+00  2.1534E-01  2.2288E-01  0.0000E+00  3.1342E-01  0.0000E+00  0.0000E+00
  6.2000E+01  2.1666E+00  7.5729E+01  1.5006E+02  1.3978E+01  2.1666E+00  7.6509E+01  1.5006E+02  1.7610E+01  8.4865E+00  1.9183E-01  1.3237E-01  0.0000E+00  2.8246E-01  0.0000E+00  0.0000E+00
  6.3000E+01  2.1666E+00  7.5729E+01  1.5006E+02  1.3978E+01  2.1666E+00  7.6509E+01  1.5006E+02  1.7610E+01  8.4865E+00  1.7398E-01  1.3001E-01  0.0000E+00  2.5823E-01  0.0000E+00  0.0000E+00
  6.4000E+01  2.1666E+00  7.5729E+01  1.5006E+02  1.3978E+01  2.1666E+00  7.6509E+01  1.5006E+02  1.7610E+01  8.4865E+00  1.6012E-01  1.6411E-01  0.0000E+00  2.3894E-01  0.0000E+00  0.0000E+00
  6.5000E+01  2.1666E+00  7.5729E+01  1.5006E+02  1.3978E+01  2.1666E+00  7.6509E+01  1.5006E+02  1.7610E+01  8.4865E+00  1.4909E-01  2.0292E-01  0.0000E+00  2.2329E-01  0.0000E+00  0.0000E+00
  6.6000E+01  2.1666E+00  7.5729E+01  1.5006E+02  1.3978E+01  2.1666E+00  7.6509E+01  1.5006E+02  1.7610E+01  8.4865E+00  1.4008E-01  1.2058E-01  0.0000E+00  2.1033E-01  0.0000E+00  0.0000E+00
  6.7000E+01  2.1666E+00  7.5729E+01  1.5006E+02  1.3978E+01  2.1666E+00  7.6509E+01  1.5006E+02  1.7610E+01  8.4865E+00  1.3252E-01  1.2201E-01  0.0000E+00  1.9938E-01  0.0000E+00  0.0000E+00
  6.8000E+01  2.1666E+00  7.5729E+01  1.5006E+02  1.3978E+01  2.1666E+00  7.6509E+01  1.5006E+02  1.7610E+01  8.4865E+00  1.2602E-01  1.0511E-01  0.0000E+00  1.8994E-01  0.0000E+00  0.0000E+00
  6.9000E+01  2.1666E+00  7.5729E+01  1.5006E+02  1.3978E+01  2.1666E+00  7.6509E+01  1.5006E+02  1.7610E+01  8.4865E+00  1.2030E-01  1.0642E-01  0.0000E+00  1.8164E-01  0.0000E+00  0.0000E+00
  7.0000E+01  2.1666E+00  7.5729E+01  1.5006E+02  1.3978E+01  2.1666E+00  7.6509E+01  1.5006E+02  1.7610E+01  8.4865E+00  1.1517E-01  1.1331E-01  0.0000E+00  1.7421E-01  0.0000E+00  0.0000E+00
  7.1000E+01  2.1666E+00  7.5729E+01  1.5006E+02  1.3978E+01  2.1666E+00  7.6509E+01  1.5006E+02  1.7610E+01  8.4865E+00  1.1048E-01  1.7079E-01  0.0000E+00  1.6746E-01  0.0000E+00  0.0000E+00
  7.2000E+01  2.1666E+00  7.5729E+01  1.5006E+02  1.3978E+01  2.1666E+00  7.6509E+01  1.5006E+02  1.7610E+01  8.4865E+00  1.0615E-01  1.2184E-01  0.0000E+00  1.6125E-01  0.0000E+00  0.0000E+00
  7.3000E+01  2.1666E+00  7.5729E+01  1.5006E+02  1.3978E+01  2.1666E+00  7.6509E+01  1.5006E+02  1.7610E+01  8.4865E+00  1.0210E-01  1.3370E-01  0.0000E+00  1.5547E-01  0.0000E+00  0.0000E+00
  7.4000E+01  2.1666E+00  7.5729E+01  1.5006E+02  1.3978E+01  2.1666E+00  7.6509E+01  1.5006E+02  1.7610E+01  8.4865E+00  9.8285E-02  6.4148E-02  0.0000E+00  1.5005E-01  0.0000E+00  0.0000E+00
  7.5000E+01  2.1666E+00  7.5729E+01  1.5006E+02  1.3978E+01  2.1666E+00  7.6509E+01  1.5006E+02  1.7610E+01  8.4865E+00  9.4666E-02  1.1035E-01  0.0000E+00  1.4492E-01  0.0000E+00  0.0000E+00
  7.6000E+01  2.1666E+00  7.5729E+01  1.5006E+02  1.3978E+01  2.1666E+00  7.6509E+01  1.5006E+02  1.7610E+01  8.4865E+00  1.4813E+00  1.4506E+00  0.0000E+00  1.5854E+00  0.0000E+00  0.0000E+00
  7.7000E+01  2.1666E+00  7.5729E+01  1.5006E+02  1.3978E+01  2.1666E+00  7.6509E+01  1.5006E+02  1.7610E+01  8.4865E+00  1.2441E+00  1.5957E+00  0.0000E+00  1.3845E+00  0.0000E+00  0.0000E+00
  7.8000E+01  2.1666E+00  7.5729E+01  1.5006E+02  1.3978E+01  2.1666E+00  7.6509E+01  1.5006E+02  1.7610E+01  8.4865E+00  9.3931E-01  8.1783E-01  0.0000E+00  1.0938E+00  0.0000E+00  0.0000E+00
  7.9000E+01  2.1666E+00  7.5729E+01  1.5006E+02  1.3978E+01  2.1666E+00  7.6509E+01  1.5006E+02  1.7610E+01  8.4865E+00  7.0928E-01  7.1548E-01  0.0000E+00  8.6434E-01  0.0000E+00  0.0000E+00
  8.0000E+01  2.1666E+00  7.5729E+01  1.5006E+02  1.3978E+01  2.1666E+00  7.6509E+01  1.5006E+02  1.7610E+01  8.4865E+00  5.4539E-01  5.5930E-01  0.0000E+00  6.9373E-01  0.0000E+00  0.0000E+00
  8.1000E+01  2.1666E+00  7.5729E+01  1.5006E+02  1.3978E+01  2.1666E+00  7.6509E+01  1.5006E+02  1.7610E+01  8.4865E+00  4.2921E-01  4.4534E-01  0.0000E+00  5.6759E-01  0.0000E+00  0.0000E+00
  8.2000E+01  2.1666E+00  7.5729E+01  1.5006E+02  1.3978E+01  2.1666E+00  7.6509E+01  1.5006E+02  1.7610E+01  8.4865E+00  3.4653E-01  3.3293E-01  0.0000E+00  4.7397E-01  0.0000E+00  0.0000E+00
  8.3000E+01  2.1666E+00  7.5729E+01  1.5006E+02  1.3978E+01  2.1666E+00  7.6509E+01  1.5006E+02  1.7610E+01  8.4865E+00  2.8725E-01  3.0191E-01  0.0000E+00  4.0404E-01  0.0000E+00  0.0000E+00
  8.4000E+01  2.1666E+00  7.5729E+01  1.5006E+02  1.3978E+01  2.1666E+00  7.6509E+01  1.5006E+02  1.7610E+01  8.4865E+00  2.4434E-01  3.0725E-01  0.0000E+00  3.5136E-01  0.0000E+00  0.0000E+00
  8.5000E+01  2.1666E+00  7.5729E+01  1.5006E+02  1.3978E+01  2.1666E+00  7.6509E+01  1.5006E+02  1.7610E+01  8.4865E+00  2.1289E-01  1.3523E-01  0.0000E+00  3.1128E-01  0.0000E+00  0.0000E+00
  8.6000E+01  2.1666E+00  7.5729E+01  1.5006E+02  1.3978E+01  2.1666E+00  7.6509E+01  1.5006E+02  1.7610E+01  8.4865E+00  1.8947E-01  2.0920E-01  0.0000E+00  2.8038E-01  0.0000E+00  0.0000E+00
  8.7000E+01  2.1666E+00  7.5729E+01  1.5006E+02  1.3978E+01  2.1666E+00  7.6509E+01  1.5006E+02  1.7610E+01  8.4865E+00  1.7170E-01  7.1314E-02  0.0000E+00  2.5622E-01  0.0000E+00  0.0000E+00
  8.8000E+01  2.1666E+00  7.5729E+01  1.5006E+02  1.3978E+01  2.1666E+00  7.6509E+01  1.5006E+02  1.7610E+01  8.4865E+00  1.5792E-01  1.2787E-01  0.0000E+00  2.3699E-01  0.0000E+00  0.0000E+00
  8.9000E+01  2.1666E+00  7.5729E+01  1.5006E+02  1.3978E+01  2.1666E+00  7.6509E+01  1.5006E+02  1.7610E+01  8.4865E+00  1.4697E-01  1.3292E-01  0.0000E+00  2.2141E-01  0.0000E+00  0.0000E+00
  9.0000E+01  2.1666E+00  7.5729E+01  1.5006E+02  1.3978E+01  2.1666E+00  7.6509E+01  1.5006E+02  1.7610E+01  8.4865E+00  1.3803E-01  1.3182E-01  0.0000E+00  2.0851E-01  0.0000E+00  0.0000E+00
  9.1000E+01  2.1666E+00  7.5729E+01  1.5006E+02  1.3978E+01  2.1666E+00  7.6509E+01  1.5006E+02  1.7610E+01  8.4865E+00  1.3055E-01  5.4282E-02  0.0000E+00  1.9762E-01  0.0000E+00  0.0000E+00
  9.2000E+01  2.1666E+00  7.5729E+01  1.5006E+02  1.3978E+01  2.1666E+00  7.6509E+01  1.5006E+02  1.7610E+01  8.4865E+00  1.2412E-01  1.5541E-01  0.0000E+00  1.8824E-01  0.0000E+00  0.0000E+00
  9.3000E+01  2.1666E+00  7.5729E+01  1.5006E+02  1.3978E+01  2.1666E+00  7.6509E+01  1.5006E+02  1.7610E+01  8.4865E+00  1.1847E-01  1.8831E-01  0.0000E+00  1.7999E-01  0.0000E+00  0.0000E+00
  9.4000E+01  2.1666E+00  7.5729E+01  1.5006E+02  1.3978E+01  2.1666E+00  7.6509E+01  1.5006E+02  1.7610E+01  8.4865E+00  1.1340E-01  1.1480E-01  0.0000E+00  1.7262E-01  0.0000E+00  0.0000E+00
  9.5000E+01  2.1666E+00  7.5729E+01  1.5006E+02  1.3978E+01  2.1666E+00  7.6509E+01  1.5006E+02  1.7610E+01  8.4865E+00  1.0878E-01  9.0824E-02  0.0000E+00  1.6592E-01  0.0000E+00  0.0000E+00
  9.6000E+01  2.1666E+00  7.5729E+01  1.5006E+02  1.3978E+01  2.1666E+00  7.6509E+01  1.5006E+02  1.7610E+01  8.4865E+00  1.0450E-01  1.0425E-01  0.0000E+00  1.5976E-01  0.0000E+00  0.0000E+00
  9.7000E+01  2.1666E+00  7.5729E+01  1.5006E+02  1.3978E+01  2.1666E+00  7.6509E+01  1.5006E+02  1.7610E+01  8.4865E+00  1.0051E-01  5.8915E-02  0.0000E+00  1.5403E-01  0.0000E+00  0.0000E+00
  9.8000E+01  2.1666E+00  7.5729E+01  1.5006E+02  1.3978E+01  2.1666E+00  7.6509E+01  1.5006E+02  1.7610E+01  8.4865E+00  9.6751E-02  1.1010E-01  0.0000E+00  1.4865E-01  0.0000E+00  0.0000E+00
  9.9000E+01  2.1666E+00  7.5729E+01  1.5006E+02  1.3978E+01  2.1666E+00  7.6509E+01  1.5006E+02  1.7610E+01  8.4865E+00  9.3186E-02  1.4411E-01  0.0000E+00  1.4356E-01  0.0000E+00  0.0000E+00
  1.0000E+02  2.1666E+00  7.5729E+01  1.5006E+02  1.3978E+01  2.1666E+00  7.6509E+01  1.5006E+02  1.7610E+01  8.4865E+00  1.4799E+00  8.0212E-01  0.0000E+00  1.5841E+00  0.0000E+00  0.0000E+00
  1.0100E+02  2.1666E+00  7.5729E+01  1.5006E+02  1.3978E+01  2.1666E+00  7.6509E+01  1.5006E+02  1.7610E+01  8.4865E+00  1.2427E+00  1.5696E+00  0.0000E+00  1.3832E+00  0.0000E+00  0.0000E+00
  1.0200E+02  2.1666E+00  7.5729E+01  1.5006E+02  1.3978E+01  2.1666E+00  7.6509E+01  1.5006E+02  1.7610E+01  8.4865E+00  9.3798E-01  1.3706E+00  0.0000E+00  1.0926E+00  0.0000E+00  0.0000E+00
  1.0300E+02  2.1666E+00  7.5729E+01  1.5006E+02  1.3978E+01  2.1666E+00  7.6509E+01  1.5006E+02  1.7610E+01  8.4865E+00  7.0800E-01  4.1050E-01  0.0000E+00  8.6315E-01  0.0000E+00  0.0000E+00
  1.0400E+02  2.1666E+00  7.5729E+01  1.5006E+02  1.3978E+01  2.1666E+00  7.6509E+01  1.5006E+02  1.7610E+01  8.4865E+00  5.4415E-01  4.5509E-01  0.0000E+00  6.9258E-01  0.0000E+00  0.0000E+00
  1.0500E+02  2.1666E+00  7.5729E+01  1.5006E+02  1.3978E+01  2.1666E+00  7.6509E+01  1.5006E+02  1.7610E+01  8.4865E+00  4.2802E-01  3.6658E-01  0.0000E+00  5.6647E-01  0.0000E+00  0.0000E+00
  1.0600E+02  2.1666E+00  7.5729E+01  1.5006E+02  1.3978E+01  2.1666E+00  7.6509E+01  1.5006E+02  1.7610E+01  8.4865E+00  3.4538E-01  4.4952E-01  0.0000E+00  4.7289E-01  0.0000E+00  0.0000E+00
  1.0700E+02  2.1666E+00  7.5729E+01  1.5006E+02  1.3978E+01  2.1666E+00  7.6509E+01  1.5006E+02  1.7610E+01  8.4865E+00  2.8614E-01  3.3300E-01  0.0000E+00  4.0299E-01  0.0000E+00  0.0000E+00
  1.0800E+02  2.1666E+00  7.5729E+01  1.5006E+02  1.3978E+01  2.1666E+00  7.6509E+01  1.5006E+02  1.7610E+01  8.4865E+00  2.4327E-01  2.2857E-01  0.0000E+00  3.5035E-01  0.0000E+00  0.0000E+00
  1.0900E+02  2.1666E+00  7.5729E+01  1.5006E+02  1.3978E+01  2.1666E+00  7.6509E+01  1.5006E+02  1.7610E+01  8.4865E+00  2.1186E-01  1.2596E-01  0.0000E+00  3.1030E-01  0.0000E+00  0.0000E+00
  1.1000E+02  2.1666E+00  7.5729E+01  1.5006E+02  1.3978E+01  2.1666E+00  7.6509E+01  1.5006E+02  1.7610E+01  8.4865E+00  1.8847E-01  2.4406E-01  0.0000E+00  2.7944E-01  0.0000E+00  0.0000E+00
  1.1100E+02  2.1666E+00  7.5729E+01  1.5006E+02  1.3978E+01  2.1666E+00  7.6509E+01  1.5006E+02  1.7610E+01  8.4865E+00  1.7074E-01  1.5955E-01  0.0000E+00  2.5530E-01  0.0000E+00  0.0000E+00
  1.1200E+02  2.1666E+00  7.5729E+01  1.5006E+02  1.3978E+01  2.1666E+00  7.6509E+01  1.5006E+02  1.7610E+01  8.4865E+00  1.5700E-01  1.1437E-01  0.0000E+00  2.3611E-01  0.0000E+00  0.0000E+00
  1.1300E+02  2.1666E+00  7.5729E+01  1.5006E+02  1.3978E+01  2.1666E+00  7.6509E+01  1.5006E+02  1.7610E+01  8.4865E+00  1.4608E-01  1.3940E-01  0.0000E+00  2.2055E-01  0.0000E+00  0.0000E+00
  1.1400E+02  2.1666E+00  7.5729E+01  1.5006E+02  1.3978E+01  2.1666E+00  7.6509E+01  1.5006E+02  1.7610E+01  8.4865E+00  1.3717E-01  1.6659E-01  0.0000E+00  2.0768E-01  0.0000E+00  0.0000E+00
  1.1500E+02  2.1666E+00  7.5729E+01  1.5006E+02  1.3978E+01  2.1666E+00  7.6509E+01  1.5006E+02  1.7610E+01  8.4865E+00  1.2972E-01  1.4086E-01  0.0000E+00  1.9682E-01  0.0000E+00  0.0000E+00
  1.1600E+02  2.1666E+00  7.5729E+01  1.5006E+02  1.3978E+01  2.1666E+00  7.6509E+01  1.5006E+02  1.7610E+01  8.4865E+00  1.2332E-01  1.4572E-01  0.0000E+00  1.8746E-01  0.0000E+00  0.0000E+00
  1.1700E+02  2.1666E+00  7.5729E+01  1.5006E+02  1.3978E+01  2.1666E+00  7.6509E+01  1.5006E+02  1.7610E+01  8.4865E+00  1.1769E-01  1.3710E-01  0.0000E+00  1.7924E-01  0.0000E+00  0.0000E+00
  1.1800E+02  2.1666E+00  7.5729E+01  1.5006E+02  1.3978E+01  2.1666E+00  7.6509E+01  1.5006E+02  1.7610E+01  8.4865E+00  1.1265E-01  1.6771E-01  0.0000E+00  1.7189E-01  0.0000E+00  0.0000E+00
  1.1900E+02  2.1666E+00  7.5729E+01  1.5006E+02  1.3978E+01  2.1666E+00  7.6509E+01  1.5006E+02  1.7610E+01  8.4865E+00  1.0806E-01  8.8828E-02  0.0000E+00  1.6521E-01  0.0000E+00  0.0000E+00
  1.2000E+02  2.1666E+00  7.5729E+01  1.5006E+02  1.3978E+01  2.1666E+00  7.6509E+01  1.5006E+02  1.7610E+01  8.4865E+00  1.0381E-01  1.0582E-01  0.0000E+00  1.5907E-01  0.0000E+00  0.0000E+00
  1.2100E+02  2.1666E+00  7.5729E+01  1.5006E+02  1.3978E+01  2.1666E+00  7.6509E+01  1.5006E+02  1.7610E+01  8.4865E+00  9.9841E-02  4.1085E-02  0.0000E+00  1.5336E-01  0.0000E+00  0.0000E+00
  1.2200E+02  2.1666E+00  7.5729E+01  1.5006E+02  1.3978E+01  2.1666E+00  7.6509E+01  1.5006E+02  1.7610E+01  8.4865E+00  9.6104E-02  9.8451E-02  0.0000E+00  1.4800E-01  0.0000E+00  0.0000E+00
  1.2300E+02  2.1666E+00  7.5729E+01  1.5006E+02  1.3978E+01  2.1666E+00  7.6509E+01  1.5006E+02  1.7610E+01  8.4865E+00  9.2562E-02  6.4431E-02  0.0000E+00  1.4294E-01  0.0000E+00  0.0000E+00
  1.2400E+02  2.1666E+00  7.5729E+01  1.5006E+02  1.3978E+01  2.1666E+00  7.6509E+01  1.5006E+02  1.7610E+01  8.4865E+00  1.4793E+00  1.2561E+00  0.0000E+00  1.5835E+00  0.0000E+00  0.0000E+00
  1.2500E+02  2.1666E+00  7.5729E+01  1.5006E+02  1.3978E+01  2.1666E+00  7.6509E+01  1.5006E+02  1.7610E+01  8.4865E+00  1.2422E+00  7.4064E-01  0.0000E+00  1.3826E+00  0.0000E+00  0.0000E+00
  1.2600E+02  2.1666E+00  7.5729E+01  1.5006E+02  1.3978E+01  2.1666E+00  7.6509E+01  1.5006E+02  1.7610E+01  8.4865E+00  9.3742E-01  8.2559E-01  0.0000E+00  1.0920E+00  0.0000E+00  0.0000E+00
  1.2700E+02  2.1666E+00  7.5729E+01  1.5006E+02  1.3978E+01  2.1666E+00  7.6509E+01  1.5006E+02  1.7610E+01  8.4865E+00  7.0746E-01  6.8400E-01  0.0000E+00  8.6260E-01  0.0000E+00  0.0000E+00
  1.2800E+02  2.1666E+00  7.5729E+01  1.5006E+02  1.3978E+01  2.1666E+00  7.6509E+01  1.5006E+02  1.7610E+01  8.4865E+00  5.4363E-01  7.8002E-01  0.0000E+00  6.9205E-01  0.0000E+00  0.0000E+00
  1.2900E+02  2.1666E+00  7.5729E+01  1.5006E+02  1.3978E+01  2.1666E+00  7.6509E+01  1.5006E+02  1.7610E+01  8.4865E+00  4.2752E-01  4.2011E-01  0.0000E+00  5.6596E-01  0.0000E+00  0.0000E+00
  1.3000E+02  2.1666E+00  7.5729E+01  1.5006E+02  1.3978E+01  2.1666E+00  7.6509E+01  1.5006E+02  1.7610E+01  8.4865E+00  3.4489E-01  3.2001E-01  0.0000E+00  4.7239E-01  0.0000E+00  0.0000E+00
  1.3100E+02  2.1666E+00  7.5729E+01  1.5006E+02  1.3978E+01  2.1666E+00  7.6509E+01  1.5006E+02  1.7610E+01  8.4865E+00  2.8567E-01  2.5999E-01  0.0000E+00  4.0251E-01  0.0000E+00  0.0000E+00
  1.3200E+02  2.1666E+00  7.5729E+01  1.5006E+02  1.3978E+01  2.1666E+00  7.6509E+01  1.5006E+02  1.7610E+01  8.4865E+00  2.4282E-01  5.3595E-02  0.0000E+00  3.4989E-01  0.0000E+00  0.0000E+00
  1.3300E+02  2.1666E+00  7.5729E+01  1.5006E+02  1.3978E+01  2.1666E+00  7.6509E+01  1.5006E+02  1.7610E+01  8.4865E+00  2.1142E-01  2.6218E-01  0.0000E+00  3.0985E-01  0.0000E+00  0.0000E+00
  1.3400E+02  2.1666E+00  7.5729E+01  1.5006E+02  1.3978E+01  2.1666E+00  7.6509E+01  1.5006E+02  1.7610E+01  8.4865E+00  1.8805E-01  2.8044E-01  0.0000E+00  2.7900E-01  0.0000E+00  0.0000E+00
  1.3500E+02  2.1666E+00  7.5729E+01  1.5006E+02  1.3978E+01  2.1666E+00  7.6509E+01  1.5006E+02  1.7610E+01  8.4865E+00  1.7034E-01  1.2870E-01  0.0000E+00  2.5488E-01  0.0000E+00  0.0000E+00
  1.3600E+02  2.1666E+00  7.5729E+01  1.5006E+02  1.3978E+01  2.1666E+00  7.6509E+01  1.5006E+02  1.7610E+01  8.4865E+00  1.5661E-01  1.8119E-01  0.0000E+00  2.3570E-01  0.0000E+00  0.0000E+00
  1.3700E+02  2.1666E+00  7.5729E+01  1.5006E+02  1.3978E+01  2.1666E+00  7.6509E+01  1.5006E+02  1.7610E+01  8.4865E+00  1.4570E-01  1.3705E-01  0.0000E+00  2.2015E-01  0.0000E+00  0.0000E+00
  1.3800E+02  2.1666E+00  7.5729E+01  1.5006E+02  1.3978E+01  2.1666E+00  7.6509E+01  1.5006E+02  1.7610E+01  8.4865E+00  1.3681E-01  1.7868E-01  0.0000E+00  2.0730E-01  0.0000E+00  0.0000E+00
  1.3900E+02  2.1666E+00  7.5729E+01  1.5006E+02  1.3978E+01  2.1666E+00  7.6509E+01  1.5006E+02  1.7610E+01  8.4865E+00  1.2937E-01  1.3189E-01  0.0000E+00  1.9645E-01  0.0000E+00  0.0000E+00
  1.4000E+02  2.1666E+00  7.5729E+01  1.5006E+02  1.3978E+01  2.1666E+00  7.6509E+01  1.5006E+02  1.7610E+01  8.4865E+00  1.2298E-01  8.4257E-02  0.0000E+00  1.8710E-01  0.0000E+00  0.0000E+00
  1.4100E+02  2.1666E+00  7.5729E+01  1.5006E+02  1.3978E+01  2.1666E+00  7.6509E+01  1.5006E+02  1.7610E+01  8.4865E+00  1.1737E-01  1.1308E-01  0.0000E+00  1.7889E-01  0.0000E+00  0.0000E+00
  1.4200E+02  2.1666E+00  7.5729E+01  1.5006E+02  1.3978E+01  2.1666E+00  7.6509E+01  1.5006E+02  1.7610E+01  8.4865E+00  1.1234E-01  1.5933E-01  0.0000E+00  1.7155E-01  0.0000E+00  0.0000E+00
  1.4300E+02  2.1666E+00  7.5729E+01  1.5006E+02  1.3978E+01  2.1666E+00  7.6509E+01  1.5006E+02  1.7610E+01  8.4865E+00  1.0775E-01  1.0663E-01  0.0000E+00  1.6489E-01  0.0000E+00  0.0000E+00
  1.4400E+02  2.1666E+00  7.5729E+01  1.5006E+02  1.3978E+01  2.1666E+00  7.6509E+01  1.5006E+02  1.7610E+01  8.4865E+00  1.0352E-01  1.0782E-01  0.0000E+00  1.5876E-01  0.0000E+00  0.0000E+00
  1.4500E+02  2.1666E+00  7.5729E+01  1.5006E+02  1.3978E+01  2.1666E+00  7.6509E+01  1.5006E+02  1.7610E+01  8.4865E+00  9.9559E-02  5.9679E-02  0.0000E+00  1.5306E-01  0.0000E+00  0.0000E+00
  1.4600E+02  2.1666E+00  7.5729E+01  1.5006E+02  1.3978E+01  2.1666E+00  7.6509E+01  1.5006E+02  1.7610E+01  8.4865E+00  9.5832E-02  1.5743E-01  0.0000E+00  1.4771E-01  0.0000E+00  0.0000E+00
  1.4700E+02  2.1666E+00  7.5729E+01  1.5006E+02  1.3978E+01  2.1666E+00  7.6509E+01  1.5006E+02  1.7610E+01  8.4865E+00  9.2299E-02  7.9250E-02  0.0000E+00  1.4266E-01  0.0000E+00  0.0000E+00
  1.4800E+02  2.1666E+00  7.5729E+01  1.5006E+02  1.3978E+01  2.1666E+00  7.6509E+01  1.5006E+02  1.7610E+01  8.4865E+00  1.4790E+00  1.8622E+00  0.0000E+00  1.5832E+00  0.0000E+00  0.0000E+00
  1.4900E+02  2.1666E+00  7.5729E+01  1.5006E+02  1.3978E+01  2.1666E+00  7.6509E+01  1.5006E+02  1.7610E+01  8.4865E+00  1.2419E+00  9.2972E-01  0.0000E+00  1.3824E+00  0.0000E+00  0.0000E+00
  1.5000E+02  2.1666E+00  7.5729E+01  1.5006E+02  1.3978E+01  2.1666E+00  7.6509E+01  1.5006E+02  1.7610E+01  8.4865E+00  9.3718E-01  1.3060E+00  0.0000E+00  1.0918E+00  0.0000E+00  0.0000E+00
  1.5100E+02  2.1666E+00  7.5729E+01  1.5006E+02  1.3978E+01  2.1666E+00  7.6509E+01  1.5006E+02  1.7610E+01  8.4865E+00  7.0723E-01  9.0527E-01  0.0000E+00  8.6235E-01  0.0000E+00  0.0000E+00
  1.5200E+02  2.1666E+00  7.5729E+01  1.5006E+02  1.3978E+01  2.1666E+00  7.6509E+01  1.5006E+02  1.7610E+01  8.4865E+00  5.4341E-01  5.0901E-01  0.0000E+00  6.9181E-01  0.0000E+00  0.0000E+00
  1.5300E+02  2.1666E+00  7.5729E+01  1.5006E+02  1.3978E+01  2.1666E+00  7.6509E+01  1.5006E+02  1.7610E+01  8.4865E+00  4.2731E-01  3.0962E-01  0.0000E+00  5.6572E-01  0.0000E+00  0.0000E+00
  1.5400E+02  2.1666E+00  7.5729E+01  1.5006E+02  1.3978E+01  2.1666E+00  7.6509E+01  1.5006E+02  1.7610E+01  8.4865E+00  3.4469E-01  3.6468E-01  0.0000E+00  4.7216E-01  0.0000E+00  0.0000E+00
  1.5500E+02  2.1666E+00  7.5729E+01  1.5006E+02  1.3978E+01  2.1666E+00  7.6509E+01  1.5006E+02  1.7610E+01  8.4865E+00  2.8548E-01  3.4655E-01  0.0000E+00  4.0229E-01  0.0000E+00  0.0000E+00
  1.5600E+02  2.1666E+00  7.5729E+01  1.5006E+02  1.3978E+01  2.1666E+00  7.6509E+01  1.5006E+02  1.7610E+01  8.4865E+00  2.4263E-01  2.8741E-01  0.0000E+00  3.4968E-01  0.0000E+00  0.0000E+00
  1.5700E+02  2.1666E+00  7.5729E+01  1.5006E+02  1.3978E+01  2.1666E+00  7.6509E+01  1.5006E+02  1.7610E+01  8.4865E+00  2.1124E-01  2.2916E-01  0.0000E+00  3.0964E-01  0.0000E+00  0.0000E+00
  1.5800E+02  2.1666E+00  7.5729E+01  1.5006E+02  1.3978E+01  2.1666E+00  7.6509E+01  1.5006E+02  1.7610E+01  8.4865E+00  1.8788E-01  2.0465E-01  0.0000E+00  2.7880E-01  0.0000E+00  0.0000E+00
  1.5900E+02  2.1666E+00  7.5729E+01  1.5006E+02  1.3978E+01  2.1666E+00  7.6509E+01  1.5006E+02  1.7610E+01  8.4865E+00  1.7017E-01  1.7597E-01  0.0000E+00  2.5469E-01  0.0000E+00  0.0000E+00
  1.6000E+02  2.1666E+00  7.5729E+01  1.5006E+02  1.3978E+01  2.1666E+00  7.6509E+01  1.5006E+02  1.7610E+01  8.4865E+00  1.5644E-01  1.9763E-01  0.0000E+00  2.3551E-01  0.0000E+00  0.0000E+00
  1.6100E+02  2.1666E+00  7.5729E+01  1.5006E+02  1.3978E+01  2.1666E+00  7.6509E+01  1.5006E+02  1.7610E+01  8.4865E+00  1.4554E-01  9.9105E-02  0.0000E+00  2.1997E-01  0.0000E+00  0.0000E+00
  1.6200E+02  2.1666E+00  7.5729E+01  1.5006E+02  1.3978E+01  2.1666E+00  7.6509E+01  1.5006E+02  1.7610E+01  8.4865E+00  1.3665E-01  2.0957E-01  0.0000E+00  2.0713E-01  0.0000E+00  0.0000E+00
  1.6300E+02  2.1666E+00  7.5729E+01  1.5006E+02  1.3978E+01  2.1666E+00  7.6509E+01  1.5006E+02  1.7610E+01  8.4865E+00  1.2922E-01  1.1915E-01  0.0000E+00  1.9628E-01  0.0000E+00  0.0000E+00
  1.6400E+02  2.1666E+00  7.5729E+01  1.5006E+02  1.3978E+01  2.1666E+00  7.6509E+01  1.5006E+02  1.7610E+01  8.4865E+00  1.2284E-01  1.0324E-01  0.0000E+00  1.8694E-01  0.0000E+00  0.0000E+00
  1.6500E+02  2.1666E+00  7.5729E+01  1.5006E+02  1.3978E+01  2.1666E+00  7.6509E+01  1.5006E+02  1.7610E+01  8.4865E+00  1.1723E-01  9.6903E-02  0.0000E+00  1.7873E-01  0.0000E+00  0.0000E+00
  1.6600E+02  2.1666E+00  7.5729E+01  1.5006E+02  1.3978E+01  2.1666E+00  7.6509E+01  1.5006E+02  1.7610E+01  8.4865E+00  1.1220E-01  1.1414E-01  0.0000E+00  1.7140E-01  0.0000E+00  0.0000E+00
  1.6700E+02  2.1666E+00  7.5729E+01  1.5006E+02  1.3978E+01  2.1666E+00  7.6509E+01  1.5006E+02  1.7610E+01  8.4865E+00  1.0762E-01  1.0788E-01  0.0000E+00  1.6474E-01  0.0000E+00  0.0000E+00
  1.6800E+02  2.1666E+00  7.5729E+01  1.5006E+02  1.3978E+01  2.1666E+00  7.6509E+01  1.5006E+02  1.7610E+01  8.4865E+00  1.0339E-01  1.3321E-01  0.0000E+00  1.5862E-01  0.0000E+00  0.0000E+00
  1.6900E+02  2.1666E+00  7.5729E+01  1.5006E+02  1.3978E+01  2.1666E+00  7.6509E+01  1.5006E+02  1.7610E+01  8.4865E+00  9.9439E-02  6.0500E-02  0.0000E+00  1.5292E-01  0.0000E+00  0.0000E+00
  1.7000E+02  2.1666E+00  7.5729E+01  1.5006E+02  1.3978E+01  2.1666E+00  7.6509E+01  1.5006E+02  1.7610E+01  8.4865E+00  9.5717E-02  1.2097E-01  0.0000E+00  1.4758E-01  0.0000E+00  0.0000E+00
  1.7100E+02  2.1666E+00  7.5729E+01  1.5006E+02  1.3978E+01  2.1666E+00  7.6509E+01  1.5006E+02  1.7610E+01  8.4865E+00  9.2189E-02  8.6980E-02  0.0000E+00  1.4252E-01  0.0000E+00  0.0000E+00
  1.7200E+02  2.1666E+00  7.5729E+01  1.5006E+02  1.3978E+01  5.4164E-01  6.7930E+01  1.5006E+02  1.0806E+01  8.4865E+00  0.0000E+00  0.0000E+00  0.0000E+00  0.0000E+00  0.0000E+00  0.0000E+00
  1.7300E+02  2.1666E+00  7.5729E+01  1.5006E+02  1.3978E+01  5.4164E-01  6.7930E+01  1.5006E+02  1.0806E+01  8.4865E+00  0.0000E+00  0.0000E+00  0.0000E+00  0.0000E+00  0.0000E+00  0.0000E+00
  1.7400E+02  2.1666E+00  7.5729E+01  1.5006E+02  1.3978E+01  5.4164E-01  6.7930E+01  1.5006E+02  1.0806E+01  8.4865E+00  1.5895E+00  1.7003E+00  0.0000E+00  1.4163E+00  0.0000E+00  0.0000E+00
  1.7500E+02  2.1666E+00  7.5729E+01  1.5006E+02  1.3978E+01  5.4164E-01  6.7930E+01  1.5006E+02  1.0806E+01  8.4865E+00  2.1312E+00  1.6760E+00  0.0000E+00  1.8846E+00  0.0000E+00  0.0000E+00
  1.7600E+02  2.1666E+00  7.5729E+01  1.5006E+02  1.3978E+01  5.4164E-01  6.7930E+01  1.5006E+02  1.0806E+01  8.4865E+00  2.1647E+00  1.6276E+00  0.0000E+00  1.8979E+00  0.0000E+00  0.0000E+00
  1.7700E+02  2.1666E+00  7.5729E+01  1.5006E+02  1.3978E+01  5.4164E-01  6.7930E+01  1.5006E+02  1.0806E+01  8.4865E+00  1.9767E+00  2.5726E+00  0.0000E+00  1.7166E+00  0.0000E+00  0.0000E+00
  1.7800E+02  2.1666E+00  7.5729E+01  1.5006E+02  1.3978E+01  5.4164E-01  6.7930E+01  1.5006E+02  1.0806E+01  8.4865E+00  1.7143E+00  1.2770E+00  0.0000E+00  1.4729E+00  0.0000E+00  0.0000E+00
  1.7900E+02  2.1666E+00  7.5729E+01  1.5006E+02  1.3978E+01  5.4164E-01  6.7930E+01  1.5006E+02  1.0806E+01  8.4865E+00  1.4485E+00  1.1481E+00  0.0000E+00  1.2299E+00  0.0000E+00  0.0000E+00
  1.8000E+02  2.1666E+00  7.5729E+01  1.5006E+02  1.3978E+01  5.4164E-01  6.7930E+01  1.5006E+02  1.0806E+01  8.4865E+00  1.2100E+00  1.9548E+00  0.0000E+00  1.0141E+00  0.0000E+00  0.0000E+00
  1.8100E+02  2.1666E+00  7.5729E+01  1.5006E+02  1.3978E+01  5.4164E-01  6.7930E+01  1.5006E+02  1.0806E+01  8.4865E+00  1.0086E+00  1.2341E+00  0.0000E+00  8.3369E-01  0.0000E+00  0.0000E+00
  1.8200E+02  2.1666E+00  7.5729E+01  1.5006E+02  1.3978E+01  5.4164E-01  6.7930E+01  1.5006E+02  1.0806E+01  8.4865E+00  8.4474E-01  1.0726E+00  0.0000E+00  6.8804E-01  0.0000E+00  0.0000E+00
  1.8300E+02  2.1666E+00  7.5729E+01  1.5006E+02  1.3978E+01  5.4164E-01  6.7930E+01  1.5006E+02  1.0806E+01  8.4865E+00  7.1413E-01  7.7594E-01  0.0000E+00  5.7293E-01  0.0000E+00  0.0000E+00
  1.8400E+02  2.1666E+00  7.5729E+01  1.5006E+02  1.3978E+01  5.4164E-01  6.7930E+01  1.5006E+02  1.0806E+01  8.4865E+00  6.1137E-01  4.1201E-01  0.0000E+00  4.8311E-01  0.0000E+00  0.0000E+00
  1.8500E+02  2.1666E+00  7.5729E+01  1.5006E+02  1.3978E+01  5.4164E-01  6.7930E+01  1.5006E+02  1.0806E+01  8.4865E+00  5.3106E-01  5.4251E-01  0.0000E+00  4.1349E-01  0.0000E+00  0.0000E+00
  1.8600E+02  2.1666E+00  7.5729E+01  1.5006E+02  1.3978E+01  5.4164E-01  6.7930E+01  1.5006E+02  1.0806E+01  8.4865E+00  4.6838E-01  4.8214E-01  0.0000E+00  3.5963E-01  0.0000E+00  0.0000E+00
  1.8700E+02  2.1666E+00  7.5729E+01  1.5006E+02  1.3978E+01  5.4164E-01  6.7930E+01  1.5006E+02  1.0806E+01  8.4865E+00  4.1936E-01  2.9425E-01  0.0000E+00  3.1786E-01  0.0000E+00  0.0000E+00
  1.8800E+02  2.1666E+00  7.5729E+01  1.5006E+02  1.3978E+01  5.4164E-01  6.7930E+01  1.5006E+02  1.0806E+01  8.4865E+00  3.8079E-01  5.8216E-01  0.0000E+00  2.8527E-01  0.0000E+00  0.0000E+00
  1.8900E+02  2.1666E+00  7.5729E+01  1.5006E+02  1.3978E+01  5.4164E-01  6.7930E+01  1.5006E+02  1.0806E+01  8.4865E+00  3.5015E-01  4.2053E-01  0.0000E+00  2.5961E-01  0.0000E+00  0.0000E+00
  1.9000E+02  2.1666E+00  7.5729E+01  1.5006E+02  1.3978E+01  5.4164E-01  6.7930E+01  1.5006E+02  1.0806E+01  8.4865E+00  3.2552E-01  1.1413E-01  0.0000E+00  2.3916E-01  0.0000E+00  0.0000E+00
  1.9100E+02  2.1666E+00  7.5729E+01  1.5006E+02  1.3978E+01  5.4164E-01  6.7930E+01  1.5006E+02  1.0806E+01  8.4865E+00  3.0542E-01  3.4301E-01  0.0000E+00  2.2260E-01  0.0000E+00  0.0000E+00
  1.9200E+02  2.1666E+00  7.5729E+01  1.5006E+02  1.3978E+01  5.4164E-01  6.7930E+01  1.5006E+02  1.0806E+01  8.4865E+00  2.8874E-01  2.2633E-01  0.0000E+00  2.0896E-01  0.0000E+00  0.0000E+00
  1.9300E+02  2.1666E+00  7.5729E+01  1.5006E+02  1.3978E+01  5.4164E-01  6.7930E+01  1.5006E+02  1.0806E+01  8.4865E+00  2.7464E-01  8.2816E-02  0.0000E+00  1.9751E-01  0.0000E+00  0.0000E+00
  1.9400E+02  2.1666E+00  7.5729E+01  1.5006E+02  1.3978E+01  5.4164E-01  6.7930E+01  1.5006E+02  1.0806E+01  8.4865E+00  2.6249E-01  3.2709E-01  0.0000E+00  1.8772E-01  0.0000E+00  0.0000E+00
  1.9500E+02  2.1666E+00  7.5729E+01  1.5006E+02  1.3978E+01  5.4164E-01  6.7930E+01  1.5006E+02  1.0806E+01  8.4865E+00  2.5184E-01  1.3924E-01  0.0000E+00  1.7918E-01  0.0000E+00  0.0000E+00
  1.9600E+02  2.1666E+00  7.5729E+01  1.5006E+02  1.3978E+01  5.4164E-01  6.7930E+01  1.5006E+02  1.0806E+01  8.4865E+00  2.4234E-01  2.3877E-01  0.0000E+00  1.7160E-01  0.0000E+00  0.0000E+00
  1.9700E+02  2.1666E+00  7.5729E+01  1.5006E+02  1.3978E+01  5.4164E-01  6.7930E+01  1.5006E+02  1.0806E+01  8.4865E+00  2.3373E-01  2.6785E-01  0.0000E+00  1.6477E-01  0.0000E+00  0.0000E+00
  1.9800E+02  2.1666E+00  7.5729E+01  1.5006E+02  1.3978E+01  5.4164E-01  6.7930E+01  1.5006E+02  1.0806E+01  8.4865E+00  2.3373E-01  4.0491E-01  0.0000E+00  1.6477E-01  0.0000E+00  0.0000E+00
  1.9900E+02  2.1666E+00  7.5729E+01  1.5006E+02  1.3978E+01  5.4164E-01  6.7930E+01  1.5006E+02  1.0806E+01  8.4865E+00  1.0206E+00  8.0769E-01  0.0000E+00  8.6665E-01  0.0000E+00  0.0000E+00
  2.0000E+02  2.1666E+00  7.5729E+01  1.5006E+02  1.3978E+01  5.4164E-01  6.7930E+01  1.5006E+02  1.0806E+01  8.4865E+00  1.2841E+00  1.5572E+00  0.0000E+00  1.0950E+00  0.0000E+00  0.0000E+00
  2.0100E+02  2.1666E+00  7.5729E+01  1.5006E+02  1.3978E+01  5.4164E-01  6.7930E+01  1.5006E+02  1.0806E+01  8.4865E+00  1.2939E+00  1.1612E+00  0.0000E+00  1.0963E+00  0.0000E+00  0.0000E+00
  2.0200E+02  2.1666E+00  7.5729E+01  1.5006E+02  1.3978E+01  5.4164E-01  6.7930E+01  1.5006E+02  1.0806E+01  8.4865E+00  1.1934E+00  1.2601E+00  0.0000E+00  1.0005E+00  0.0000E+00  0.0000E+00
  2.0300E+02  2.1666E+00  7.5729E+01  1.5006E+02  1.3978E+01  5.4164E-01  6.7930E+01  1.5006E+02  1.0806E+01  8.4865E+00  1.0560E+00  1.0631E+00  0.0000E+00  8.7386E-01  0.0000E+00  0.0000E+00
  2.0400E+02  2.1666E+00  7.5729E+01  1.5006E+02  1.3978E+01  5.4164E-01  6.7930E+01  1.5006E+02  1.0806E+01  8.4865E+00  9.1721E-01  4.6268E-01  0.0000E+00  7.4775E-01  0.0000E+00  0.0000E+00
  2.0500E+02  2.1666E+00  7.5729E+01  1.5006E+02  1.3978E+01  5.4164E-01  6.7930E+01  1.5006E+02  1.0806E+01  8.4865E+00  7.9224E-01  8.4235E-01  0.0000E+00  6.3547E-01  0.0000E+00  0.0000E+00
  2.0600E+02  2.1666E+00  7.5729E+01  1.5006E+02  1.3978E+01  5.4164E-01  6.7930E+01  1.5006E+02  1.0806E+01  8.4865E+00  6.8612E-01  9.2595E-01  0.0000E+00  5.4104E-01  0.0000E+00  0.0000E+00
  2.0700E+02  2.1666E+00  7.5729E+01  1.5006E+02  1.3978E+01  5.4164E-01  6.7930E+01  1.5006E+02  1.0806E+01  8.4865E+00  5.9889E-01  5.4673E-01  0.0000E+00  4.6416E-01  0.0000E+00  0.0000E+00
  2.0800E+02  2.1666E+00  7.5729E+01  1.5006E+02  1.3978E+01  5.4164E-01  6.7930E+01  1.5006E+02  1.0806E+01  8.4865E+00  5.2849E-01  6.4742E-01  0.0000E+00  4.0270E-01  0.0000E+00  0.0000E+00
  2.0900E+02  2.1666E+00  7.5729E+01  1.5006E+02  1.3978E+01  5.4164E-01  6.7930E+01  1.5006E+02  1.0806E+01  8.4865E+00  4.7217E-01  6.5243E-01  0.0000E+00  3.5403E-01  0.0000E+00  0.0000E+00
  2.1000E+02  2.1666E+00  7.5729E+01  1.5006E+02  1.3978E+01  5.4164E-01  6.7930E+01  1.5006E+02  1.0806E+01  8.4865E+00  4.2724E-01  3.9755E-01  0.0000E+00  3.1559E-01  0.0000E+00  0.0000E+00
  2.1100E+02  2.1666E+00  7.5729E+01  1.5006E+02  1.3978E+01  5.4164E-01  6.7930E+01  1.5006E+02  1.0806E+01  8.4865E+00  3.9127E-01  4.8277E-01  0.0000E+00  2.8515E-01  0.0000E+00  0.0000E+00
  2.1200E+02  2.1666E+00  7.5729E+01  1.5006E+02  1.3978E+01  5.4164E-01  6.7930E+01  1.5006E+02  1.0806E+01  8.4865E+00  3.6227E-01  4.1460E-01  0.0000E+00  2.6088E-01  0.0000E+00  0.0000E+00
  2.1300E+02  2.1666E+00  7.5729E+01  1.5006E+02  1.3978E+01  5.4164E-01  6.7930E+01  1.5006E+02  1.0806E+01  8.4865E+00  3.3862E-01  2.5980E-01  0.0000E+00  2.4131E-01  0.0000E+00  0.0000E+00
  2.1400E+02  2.1666E+00  7.5729E+01  1.5006E+02  1.3978E+01  5.4164E-01  6.7930E+01  1.5006E+02  1.0806E+01  8.4865E+00  3.1908E-01  3.6768E-01  0.0000E+00  2.2531E-01  0.0000E+00  0.0000E+00
  2.1500E+02  2.1666E+00  7.5729E+01  1.5006E+02  1.3978E+01  5.4164E-01  6.7930E+01  1.5006E+02  1.0806E+01  8.4865E+00  3.0266E-01  2.5868E-01  0.0000E+00  2.1202E-01  0.0000E+00  0.0000E+00
  2.1600E+02  2.1666E+00  7.5729E+01  1.5006E+02  1.3978E+01  5.4164E-01  6.7930E+01  1.5006E+02  1.0806E+01  8.4865E+00  2.8862E-01  1.3276E-01  0.0000E+00  2.0077E-01  0.0000E+00  0.0000E+00
  2.1700E+02  2.1666E+00  7.5729E+01  1.5006E+02  1.3978E+01  5.4164E-01  6.7930E+01  1.5006E+02  1.0806E+01  8.4865E+00  2.7641E-01  3.3319E-01  0.0000E+00  1.9108E-01  0.0000E+00  0.0000E+00
  2.1800E+02  2.1666E+00  7.5729E+01  1.5006E+02  1.3978E+01  5.4164E-01  6.7930E+01  1.5006E+02  1.0806E+01  8.4865E+00  2.6560E-01  3.2261E-01  0.0000E+00  1.8258E-01  0.0000E+00  0.0000E+00
  2.1900E+02  2.1666E+00  7.5729E+01  1.5006E+02  1.3978E+01  5.4164E-01  6.7930E+01  1.5006E+02  1.0806E+01  8.4865E+00  2.5587E-01  3.2381E-01  0.0000E+00  1.7500E-01  0.0000E+00  0.0000E+00
  2.2000E+02  2.1666E+00  7.5729E+01  1.5006E+02  1.3978E+01  5.4164E-01  6.7930E+01  1.5006E+02  1.0806E+01  8.4865E+00  2.4700E-01  1.8910E-01  0.0000E+00  1.6813E-01  0.0000E+00  0.0000E+00
  2.2100E+02  2.1666E+00  7.5729E+01  1.5006E+02  1.3978E+01  5.4164E-01  6.7930E+01  1.5006E+02  1.0806E+01  8.4865E+00  2.3880E-01  2.4130E-01  0.0000E+00  1.6183E-01  0.0000E+00  0.0000E+00
  2.2200E+02  2.1666E+00  7.5729E+01  1.5006E+02  1.3978E+01  5.4164E-01  6.7930E+01  1.5006E+02  1.0806E+01  8.4865E+00  2.3115E-01  2.0252E-01  0.0000E+00  1.5597E-01  0.0000E+00  0.0000E+00
  2.2300E+02  2.1666E+00  7.5729E+01  1.5006E+02  1.3978E+01  5.4164E-01  6.7930E+01  1.5006E+02  1.0806E+01  8.4865E+00  1.0187E+00  6.2139E-01  0.0000E+00  8.5862E-01  0.0000E+00  0.0000E+00
  2.2400E+02  2.1666E+00  7.5729E+01  1.5006E+02  1.3978E+01  5.4164E-01  6.7930E+01  1.5006E+02  1.0806E+01  8.4865E+00  1.2827E+00  9.2819E-01  0.0000E+00  1.0876E+00  0.0000E+00  0.0000E+00
  2.2500E+02  2.1666E+00  7.5729E+01  1.5006E+02  1.3978E+01  5.4164E-01  6.7930E+01  1.5006E+02  1.0806E+01  8.4865E+00  1.2929E+00  8.2300E-01  0.0000E+00  1.0894E+00  0.0000E+00  0.0000E+00
  2.2600E+02  2.1666E+00  7.5729E+01  1.5006E+02  1.3978E+01  5.4164E-01  6.7930E+01  1.5006E+02  1.0806E+01  8.4865E+00  1.1927E+00  1.5393E+00  0.0000E+00  9.9401E-01  0.0000E+00  0.0000E+00
  2.2700E+02  2.1666E+00  7.5729E+01  1.5006E+02  1.3978E+01  5.4164E-01  6.7930E+01  1.5006E+02  1.0806E+01  8.4865E+00  1.0555E+00  5.5741E-01  0.0000E+00  8.6769E-01  0.0000E+00  0.0000E+00
  2.2800E+02  2.1666E+00  7.5729E+01  1.5006E+02  1.3978E+01  5.4164E-01  6.7930E+01  1.5006E+02  1.0806E+01  8.4865E+00  9.1685E-01  7.1341E-01  0.0000E+00  7.4188E-01  0.0000E+00  0.0000E+00
  2.2900E+02  2.1666E+00  7.5729E+01  1.5006E+02  1.3978E+01  5.4164E-01  6.7930E+01  1.5006E+02  1.0806E+01  8.4865E+00  7.9199E-01  6.6676E-01  0.0000E+00  6.2985E-01  0.0000E+00  0.0000E+00
  2.3000E+02  2.1666E+00  7.5729E+01  1.5006E+02  1.3978E+01  5.4164E-01  6.7930E+01  1.5006E+02  1.0806E+01  8.4865E+00  6.8594E-01  4.9478E-01  0.0000E+00  5.3566E-01  0.0000E+00  0.0000E+00
  2.3100E+02  2.1666E+00  7.5729E+01  1.5006E+02  1.3978E+01  5.4164E-01  6.7930E+01  1.5006E+02  1.0806E+01  8.4865E+00  5.9877E-01  3.6737E-01  0.0000E+00  4.5899E-01  0.0000E+00  0.0000E+00
  2.3200E+02  2.1666E+00  7.5729E+01  1.5006E+02  1.3978E+01  5.4164E-01  6.7930E+01  1.5006E+02  1.0806E+01  8.4865E+00  5.2841E-01  5.3347E-01  0.0000E+00  3.9772E-01  0.0000E+00  0.0000E+00
  2.3300E+02  2.1666E+00  7.5729E+01  1.5006E+02  1.3978E+01  5.4164E-01  6.7930E+01  1.5006E+02  1.0806E+01  8.4865E+00  4.7212E-01  4.0395E-01  0.0000E+00  3.4923E-01  0.0000E+00  0.0000E+00
  2.3400E+02  2.1666E+00  7.5729E+01  1.5006E+02  1.3978E+01  5.4164E-01  6.7930E+01  1.5006E+02  1.0806E+01  8.4865E+00  4.2721E-01  6.2446E-01  0.0000E+00  3.1096E-01  0.0000E+00  0.0000E+00
  2.3500E+02  2.1666E+00  7.5729E+01  1.5006E+02  1.3978E+01  5.4164E-01  6.7930E+01  1.5006E+02  1.0806E+01  8.4865E+00  3.9126E-01  3.8686E-01  0.0000E+00  2.8068E-01  0.0000E+00  0.0000E+00
  2.3600E+02  2.1666E+00  7.5729E+01  1.5006E+02  1.3978E+01  5.4164E-01  6.7930E+01  1.5006E+02  1.0806E+01  8.4865E+00  3.6227E-01  2.6049E-01  0.0000E+00  2.5655E-01  0.0000E+00  0.0000E+00
  2.3700E+02  2.1666E+00  7.5729E+01  1.5006E+02  1.3978E+01  5.4164E-01  6.7930E+01  1.5006E+02  1.0806E+01  8.4865E+00  3.3863E-01  3.6374E-01  0.0000E+00  2.3713E-01  0.0000E+00  0.0000E+00
  2.3800E+02  2.1666E+00  7.5729E+01  1.5006E+02  1.3978E+01  5.4164E-01  6.7930E+01  1.5006E+02  1.0806E+01  8.4865E+00  3.1909E-01  4.1310E-01  0.0000E+00  2.2127E-01  0.0000E+00  0.0000E+00
  2.3900E+02  2.1666E+00  7.5729E+01  1.5006E+02  1.3978E+01  5.4164E-01  6.7930E+01  1.5006E+02  1.0806E+01  8.4865E+00  3.0267E-01  2.9670E-01  0.0000E+00  2.0811E-01  0.0000E+00  0.0000E+00
  2.4000E+02  2.1666E+00  7.5729E+01  1.5006E+02  1.3978E+01  5.4164E-01  6.7930E+01  1.5006E+02  1.0806E+01  8.4865E+00  2.8864E-01  1.7393E-01  0.0000E+00  1.9699E-01  0.0000E+00  0.0000E+00
  2.4100E+02  2.1666E+00  7.5729E+01  1.5006E+02  1.3978E+01  5.4164E-01  6.7930E+01  1.5006E+02  1.0806E+01  8.4865E+00  2.7643E-01  3.0847E-01  0.0000E+00  1.8742E-01  0.0000E+00  0.0000E+00
  2.4200E+02  2.1666E+00  7.5729E+01  1.5006E+02  1.3978E+01  5.4164E-01  6.7930E+01  1.5006E+02  1.0806E+01  8.4865E+00  2.6562E-01  3.2498E-01  0.0000E+00  1.7904E-01  0.0000E+00  0.0000E+00
  2.4300E+02  2.1666E+00  7.5729E+01  1.5006E+02  1.3978E+01  5.4164E-01  6.7930E+01  1.5006E+02  1.0806E+01  8.4865E+00  2.5590E-01  1.6980E-01  0.0000E+00  1.7157E-01  0.0000E+00  0.0000E+00
  2.4400E+02  2.1666E+00  7.5729E+01  1.5006E+02  1.3978E+01  5.4164E-01  6.7930E+01  1.5006E+02  1.0806E+01  8.4865E+00  2.4702E-01  1.2795E-01  0.0000E+00  1.6482E-01  0.0000E+00  0.0000E+00
  2.4500E+02  2.1666E+00  7.5729E+01  1.5006E+02  1.3978E+01  5.4164E-01  6.7930E+01  1.5006E+02  1.0806E+01  8.4865E+00  2.3883E-01  1.9105E-01  0.0000E+00  1.5862E-01  0.0000E+00  0.0000E+00
  2.4600E+02  2.1666E+00  7.5729E+01  1.5006E+02  1.3978E+01  5.4164E-01  6.7930E+01  1.5006E+02  1.0806E+01  8.4865E+00  2.3117E-01  2.3604E-01  0.0000E+00  1.5287E-01  0.0000E+00  0.0000E+00
  2.4700E+02  2.1666E+00  7.5729E+01  1.5006E+02  1.3978E+01  5.4164E-01  6.7930E+01  1.5006E+02  1.0806E+01  8.4865E+00  1.0187E+00  1.1521E+00  0.0000E+00  8.5561E-01  0.0000E+00  0.0000E+00
  2.4800E+02  2.1666E+00  7.5729E+01  1.5006E+02  1.3978E+01  5.4164E-01  6.7930E+01  1.5006E+02  1.0806E+01  8.4865E+00  1.2827E+00  1.3957E+00  0.0000E+00  1.0847E+00  0.0000E+00  0.0000E+00
  2.4900E+02  2.1666E+00  7.5729E+01  1.5006E+02  1.3978E+01  5.4164E-01  6.7930E+01  1.5006E+02  1.0806E+01  8.4865E+00  1.2930E+00  1.9201E+00  0.0000E+00  1.0865E+00  0.0000E+00  0.0000E+00
  2.5000E+02  2.1666E+00  7.5729E+01  1.5006E+02  1.3978E+01  5.4164E-01  6.7930E+01  1.5006E+02  1.0806E+01  8.4865E+00  1.1927E+00  1.1989E+00  0.0000E+00  9.9129E-01  0.0000E+00  0.0000E+00
  2.5100E+02  2.1666E+00  7.5729E+01  1.5006E+02  1.3978E+01  5.4164E-01  6.7930E+01  1.5006E+02  1.0806E+01  8.4865E+00  1.0556E+00  4.9721E-01  0.0000E+00  8.6505E-01  0.0000E+00  0.0000E+00
  2.5200E+02  2.1666E+00  7.5729E+01  1.5006E+02  1.3978E+01  5.4164E-01  6.7930E+01  1.5006E+02  1.0806E+01  8.4865E+00  9.1687E-01  1.0839E+00  0.0000E+00  7.3932E-01  0.0000E+00  0.0000E+00
  2.5300E+02  2.1666E+00  7.5729E+01  1.5006E+02  1.3978E+01  5.4164E-01  6.7930E+01  1.5006E+02  1.0806E+01  8.4865E+00  7.9201E-01  9.3485E-01  0.0000E+00  6.2738E-01  0.0000E+00  0.0000E+00
  2.5400E+02  2.1666E+00  7.5729E+01  1.5006E+02  1.3978E+01  5.4164E-01  6.7930E+01  1.5006E+02  1.0806E+01  8.4865E+00  6.8596E-01  7.3411E-01  0.0000E+00  5.3326E-01  0.0000E+00  0.0000E+00
  2.5500E+02  2.1666E+00  7.5729E+01  1.5006E+02  1.3978E+01  5.4164E-01  6.7930E+01  1.5006E+02  1.0806E+01  8.4865E+00  5.9879E-01  6.0206E-01  0.0000E+00  4.5667E-01  0.0000E+00  0.0000E+00
  2.5600E+02  2.1666E+00  7.5729E+01  1.5006E+02  1.3978E+01  5.4164E-01  6.7930E+01  1.5006E+02  1.0806E+01  8.4865E+00  5.2842E-01  2.7997E-01  0.0000E+00  3.9548E-01  0.0000E+00  0.0000E+00
  2.5700E+02  2.1666E+00  7.5729E+01  1.5006E+02  1.3978E+01  5.4164E-01  6.7930E+01  1.5006E+02  1.0806E+01  8.4865E+00  4.7214E-01  3.3086E-01  0.0000E+00  3.4706E-01  0.0000E+00  0.0000E+00
  2.5800E+02  2.1666E+00  7.5729E+01  1.5006E+02  1.3978E+01  5.4164E-01  6.7930E+01  1.5006E+02  1.0806E+01  8.4865E+00  4.2723E-01  3.9817E-01  0.0000E+00  3.0886E-01  0.0000E+00  0.0000E+00
  2.5900E+02  2.1666E+00  7.5729E+01  1.5006E+02  1.3978E+01  5.4164E-01  6.7930E+01  1.5006E+02  1.0806E+01  8.4865E+00  3.9127E-01  2.7241E-01  0.0000E+00  2.7864E-01  0.0000E+00  0.0000E+00
  2.6000E+02  2.1666E+00  7.5729E+01  1.5006E+02  1.3978E+01  5.4164E-01  6.7930E+01  1.5006E+02  1.0806E+01  8.4865E+00  3.6228E-01  4.6745E-01  0.0000E+00  2.5458E-01  0.0000E+00  0.0000E+00
  2.6100E+02  2.1666E+00  7.5729E+01  1.5006E+02  1.3978E+01  5.4164E-01  6.7930E+01  1.5006E+02  1.0806E+01  8.4865E+00  3.3865E-01  3.0266E-01  0.0000E+00  2.3522E-01  0.0000E+00  0.0000E+00
  2.6200E+02  2.1666E+00  7.5729E+01  1.5006E+02  1.3978E+01  5.4164E-01  6.7930E+01  1.5006E+02  1.0806E+01  8.4865E+00  3.1911E-01  1.6322E-01  0.0000E+00  2.1942E-01  0.0000E+00  0.0000E+00
  2.6300E+02  2.1666E+00  7.5729E+01  1.5006E+02  1.3978E+01  5.4164E-01  6.7930E+01  1.5006E+02  1.0806E+01  8.4865E+00  3.0269E-01  2.6667E-01  0.0000E+00  2.0632E-01  0.0000E+00  0.0000E+00
  2.6400E+02  2.1666E+00  7.5729E+01  1.5006E+02  1.3978E+01  5.4164E-01  6.7930E+01  1.5006E+02  1.0806E+01  8.4865E+00  2.8866E-01  3.4126E-01  0.0000E+00  1.9526E-01  0.0000E+00  0.0000E+00
  2.6500E+02  2.1666E+00  7.5729E+01  1.5006E+02  1.3978E+01  5.4164E-01  6.7930E+01  1.5006E+02  1.0806E+01  8.4865E+00  2.7644E-01  2.3419E-01  0.0000E+00  1.8575E-01  0.0000E+00  0.0000E+00
  2.6600E+02  2.1666E+00  7.5729E+01  1.5006E+02  1.3978E+01  5.4164E-01  6.7930E+01  1.5006E+02  1.0806E+01  8.4865E+00  2.6563E-01  3.6623E-01  0.0000E+00  1.7742E-01  0.0000E+00  0.0000E+00
  2.6700E+02  2.1666E+00  7.5729E+01  1.5006E+02  1.3978E+01  5.4164E-01  6.7930E+01  1.5006E+02  1.0806E+01  8.4865E+00  2.5591E-01  1.8864E-01  0.0000E+00  1.7001E-01  0.0000E+00  0.0000E+00
  2.6800E+02  2.1666E+00  7.5729E+01  1.5006E+02  1.3978E+01  5.4164E-01  6.7930E+01  1.5006E+02  1.0806E+01  8.4865E+00  2.4704E-01  3.0246E-01  0.0000E+00  1.6330E-01  0.0000E+00  0.0000E+00
  2.6900E+02  2.1666E+00  7.5729E+01  1.5006E+02  1.3978E+01  5.4164E-01  6.7930E+01  1.5006E+02  1.0806E+01  8.4865E+00  2.3884E-01  2.9314E-01  0.0000E+00  1.5715E-01  0.0000E+00  0.0000E+00
  2.7000E+02  2.1666E+00  7.5729E+01  1.5006E+02  1.3978E+01  5.4164E-01  6.7930E+01  1.5006E+02  1.0806E+01  8.4865E+00  2.3119E-01  1.6297E-01  0.0000E+00  1.5144E-01  0.0000E+00  0.0000E+00
  2.7100E+02  2.1666E+00  7.5729E+01  1.5006E+02  1.3978E+01  5.4164E-01  6.7930E+01  1.5006E+02  1.0806E+01  8.4865E+00  1.0187E+00  8.9138E-01  0.0000E+00  8.5424E-01  0.0000E+00  0.0000E+00
  2.7200E+02  2.1666E+00  7.5729E+01  1.5006E+02  1.3978E+01  5.4164E-01  6.7930E+01  1.5006E+02  1.0806E+01  8.4865E+00  1.2827E+00  1.4561E+00  0.0000E+00  1.0834E+00  0.0000E+00  0.0000E+00
  2.7300E+02  2.1666E+00  7.5729E+01  1.5006E+02  1.3978E+01  5.4164E-01  6.7930E+01  1.5006E+02  1.0806E+01  8.4865E+00  1.2930E+00  1.1983E+00  0.0000E+00  1.0853E+00  0.0000E+00  0.0000E+00
  2.7400E+02  2.1666E+00  7.5729E+01  1.5006E+02  1.3978E+01  5.4164E-01  6.7930E+01  1.5006E+02  1.0806E+01  8.4865E+00  1.1927E+00  9.0548E-01  0.0000E+00  9.9004E-01  0.0000E+00  0.0000E+00
  2.7500E+02  2.1666E+00  7.5729E+01  1.5006E+02  1.3978E+01  5.4164E-01  6.7930E+01  1.5006E+02  1.0806E+01  8.4865E+00  1.0556E+00  1.1727E+00  0.0000E+00  8.6384E-01  0.0000E+00  0.0000E+00
  2.7600E+02  2.1666E+00  7.5729E+01  1.5006E+02  1.3978E+01  5.4164E-01  6.7930E+01  1.5006E+02  1.0806E+01  8.4865E+00  9.1688E-01  1.0089E+00  0.0000E+00  7.3815E-01  0.0000E+00  0.0000E+00
  2.7700E+02  2.1666E+00  7.5729E+01  1.5006E+02  1.3978E+01  5.4164E-01  6.7930E+01  1.5006E+02  1.0806E+01  8.4865E+00  7.9202E-01  9.7667E-01  0.0000E+00  6.2625E-01  0.0000E+00  0.0000E+00
  2.7800E+02  2.1666E+00  7.5729E+01  1.5006E+02  1.3978E+01  5.4164E-01  6.7930E+01  1.5006E+02  1.0806E+01  8.4865E+00  6.8597E-01  6.7385E-01  0.0000E+00  5.3217E-01  0.0000E+00  0.0000E+00
  2.7900E+02  2.1666E+00  7.5729E+01  1.5006E+02  1.3978E+01  5.4164E-01  6.7930E+01  1.5006E+02  1.0806E+01  8.4865E+00  5.9880E-01  5.3148E-01  0.0000E+00  4.5561E-01  0.0000E+00  0.0000E+00
  2.8000E+02  2.1666E+00  7.5729E+01  1.5006E+02  1.3978E+01  5.4164E-01  6.7930E+01  1.5006E+02  1.0806E+01  8.4865E+00  5.2843E-01  3.2679E-01  0.0000E+00  3.9445E-01  0.0000E+00  0.0000E+00
  2.8100E+02  2.1666E+00  7.5729E+01  1.5006E+02  1.3978E+01  5.4164E-01  6.7930E+01  1.5006E+02  1.0806E+01  8.4865E+00  4.7215E-01  4.4729E-01  0.0000E+00  3.4607E-01  0.0000E+00  0.0000E+00
  2.8200E+02  2.1666E+00  7.5729E+01  1.5006E+02  1.3978E+01  5.4164E-01  6.7930E+01  1.5006E+02  1.0806E+01  8.4865E+00  4.2724E-01  4.6615E-01  0.0000E+00  3.0789E-01  0.0000E+00  0.0000E+00
  2.8300E+02  2.1666E+00  7.5729E+01  1.5006E+02  1.3978E+01  5.4164E-01  6.7930E+01  1.5006E+02  1.0806E+01  8.4865E+00  3.9128E-01  3.0191E-01  0.0000E+00  2.7771E-01  0.0000E+00  0.0000E+00
  2.8400E+02  2.1666E+00  7.5729E+01  1.5006E+02  1.3978E+01  5.4164E-01  6.7930E+01  1.5006E+02  1.0806E+01  8.4865E+00  3.6229E-01  4.5495E-01  0.0000E+00  2.5368E-01  0.0000E+00  0.0000E+00
  2.8500E+02  2.1666E+00  7.5729E+01  1.5006E+02  1.3978E+01  5.4164E-01  6.7930E+01  1.5006E+02  1.0806E+01  8.4865E+00  3.3866E-01  2.2402E-01  0.0000E+00  2.3435E-01  0.0000E+00  0.0000E+00
  2.8600E+02  2.1666E+00  7.5729E+01  1.5006E+02  1.3978E+01  5.4164E-01  6.7930E+01  1.5006E+02  1.0806E+01  8.4865E+00  3.1912E-01  1.8263E-01  0.0000E+00  2.1858E-01  0.0000E+00  0.0000E+00
  2.8700E+02  2.1666E+00  7.5729E+01  1.5006E+02  1.3978E+01  5.4164E-01  6.7930E+01  1.5006E+02  1.0806E+01  8.4865E+00  3.0270E-01  2.5259E-01  0.0000E+00  2.0550E-01  0.0000E+00  0.0000E+00
  2.8800E+02  2.1666E+00  7.5729E+01  1.5006E+02  1.3978E+01  5.4164E-01  6.7930E+01  1.5006E+02  1.0806E+01  8.4865E+00  2.8866E-01  3.3637E-01  0.0000E+00  1.9447E-01  0.0000E+00  0.0000E+00
  2.8900E+02  2.1666E+00  7.5729E+01  1.5006E+02  1.3978E+01  5.4164E-01  6.7930E+01  1.5006E+02  1.0806E+01  8.4865E+00  2.7645E-01  1.6326E-01  0.0000E+00  1.8499E-01  0.0000E+00  0.0000E+00
  2.9000E+02  2.1666E+00  7.5729E+01  1.5006E+02  1.3978E+01  5.4164E-01  6.7930E+01  1.5006E+02  1.0806E+01  8.4865E+00  2.6564E-01  2.2383E-01  0.0000E+00  1.7668E-01  0.0000E+00  0.0000E+00
  2.9100E+02  2.1666E+00  7.5729E+01  1.5006E+02  1.3978E+01  5.4164E-01  6.7930E+01  1.5006E+02  1.0806E+01  8.4865E+00  2.5592E-01  2.1928E-01  0.0000E+00  1.6929E-01  0.0000E+00  0.0000E+00
  2.9200E+02  2.1666E+00  7.5729E+01  1.5006E+02  1.3978E+01  5.4164E-01  6.7930E+01  1.5006E+02  1.0806E+01  8.4865E+00  2.4704E-01  1.7434E-01  0.0000E+00  1.6260E-01  0.0000E+00  0.0000E+00
  2.9300E+02  2.1666E+00  7.5729E+01  1.5006E+02  1.3978E+01  5.4164E-01  6.7930E+01  1.5006E+02  1.0806E+01  8.4865E+00  2.3885E-01  3.8563E-01  0.0000E+00  1.5647E-01  0.0000E+00  0.0000E+00
  2.9400E+02  2.1666E+00  7.5729E+01  1.5006E+02  1.3978E+01  5.4164E-01  6.7930E+01  1.5006E+02  1.0806E+01  8.4865E+00  2.3119E-01  3.5901E-01  0.0000E+00  1.5079E-01  0.0000E+00  0.0000E+00
  2.9500E+02  2.1666E+00  7.5729E+01  1.5006E+02  1.3978E+01  5.4164E-01  6.7930E+01  1.5006E+02  1.0806E+01  8.4865E+00  1.0187E+00  1.1891E+00  0.0000E+00  8.5361E-01  0.0000E+00  0.0000E+00
  2.9600E+02  2.1666E+00  7.5729E+01  1.5006E+02  1.3978E+01  5.4164E-01  6.7930E+01  1.5006E+02  1.0806E+01  8.4865E+00  1.2828E+00  1.0269E+00  0.0000E+00  1.0828E+00  0.0000E+00  0.0000E+00
  2.9700E+02  2.1666E+00  7.5729E+01  1.5006E+02  1.3978E+01  5.4164E-01  6.7930E+01  1.5006E+02  1.0806E+01  8.4865E+00  1.2930E+00  1.2149E+00  0.0000E+00  1.0847E+00  0.0000E+00  0.0000E+00
  2.9800E+02  2.1666E+00  7.5729E+01  1.5006E+02  1.3978E+01  5.4164E-01  6.7930E+01  1.5006E+02  1.0806E+01  8.4865E+00  1.1928E+00  1.2971E+00  0.0000E+00  9.8947E-01  0.0000E+00  0.0000E+00
  2.9900E+02  2.1666E+00  7.5729E+01  1.5006E+02  1.3978E+01  5.4164E-01  6.7930E+01  1.5006E+02  1.0806E+01  8.4865E+00  1.0556E+00  1.0302E+00  0.0000E+00  8.6329E-01  0.0000E+00  0.0000E+00
  3.0000E+02  2.1666E+00  7.5729E+01  1.5006E+02  1.3978E+01  5.4164E-01  6.7930E+01  1.5006E+02  1.0806E+01  8.4865E+00  9.1689E-01  1.0345E+00  0.0000E+00  7.3762E-01  0.0000E+00  0.0000E+00
  3.0100E+02  2.1666E+00  7.5729E+01  1.5006E+02  1.3978E+01  5.4164E-01  6.7930E+01  1.5006E+02  1.0806E+01  8.4865E+00  7.9202E-01  8.0499E-01  0.0000E+00  6.2573E-01  0.0000E+00  0.0000E+00
  3.0200E+02  2.1666E+00  7.5729E+01  1.5006E+02  1.3978E+01  5.4164E-01  6.7930E+01  1.5006E+02  1.0806E+01  8.4865E+00  6.8597E-01  4.8328E-01  0.0000E+00  5.3167E-01  0.0000E+00  0.0000E+00
  3.0300E+02  2.1666E+00  7.5729E+01  1.5006E+02  1.3978E+01  5.4164E-01  6.7930E+01  1.5006E+02  1.0806E+01  8.4865E+00  5.9880E-01  3.6242E-01  0.0000E+00  4.5512E-01  0.0000E+00  0.0000E+00
  3.0400E+02  2.1666E+00  7.5729E+01  1.5006E+02  1.3978E+01  5.4164E-01  6.7930E+01  1.5006E+02  1.0806E+01  8.4865E+00  5.2844E-01  3.6137E-01  0.0000E+00  3.9398E-01  0.0000E+00  0.0000E+00
  3.0500E+02  2.1666E+00  7.5729E+01  1.5006E+02  1.3978E+01  5.4164E-01  6.7930E+01  1.5006E+02  1.0806E+01  8.4865E+00  4.7216E-01  4.4159E-01  0.0000E+00  3.4561E-01  0.0000E+00  0.0000E+00
  3.0600E+02  2.1666E+00  7.5729E+01  1.5006E+02  1.3978E+01  5.4164E-01  6.7930E+01  1.5006E+02  1.0806E+01  8.4865E+00  4.2724E-01  7.2200E-01  0.0000E+00  3.0745E-01  0.0000E+00  0.0000E+00
  3.0700E+02  2.1666E+00  7.5729E+01  1.5006E+02  1.3978E+01  5.4164E-01  6.7930E+01  1.5006E+02  1.0806E+01  8.4865E+00  3.9129E-01  5.3749E-01  0.0000E+00  2.7728E-01  0.0000E+00  0.0000E+00
  3.0800E+02  2.1666E+00  7.5729E+01  1.5006E+02  1.3978E+01  5.4164E-01  6.7930E+01  1.5006E+02  1.0806E+01  8.4865E+00  3.6230E-01  3.1329E-01  0.0000E+00  2.5327E-01  0.0000E+00  0.0000E+00
  3.0900E+02  2.1666E+00  7.5729E+01  1.5006E+02  1.3978E+01  5.4164E-01  6.7930E+01  1.5006E+02  1.0806E+01  8.4865E+00  3.3866E-01  4.2709E-01  0.0000E+00  2.3395E-01  0.0000E+00  0.0000E+00
  3.1000E+02  2.1666E+00  7.5729E+01  1.5006E+02  1.3978E+01  5.4164E-01  6.7930E+01  1.5006E+02  1.0806E+01  8.4865E+00  3.1912E-01  2.2633E-01  0.0000E+00  2.1819E-01  0.0000E+00  0.0000E+00
  3.1100E+02  2.1666E+00  7.5729E+01  1.5006E+02  1.3978E+01  5.4164E-01  6.7930E+01  1.5006E+02  1.0806E+01  8.4865E+00  3.0270E-01  2.1702E-01  0.0000E+00  2.0513E-01  0.0000E+00  0.0000E+00
  3.1200E+02  2.1666E+00  7.5729E+01  1.5006E+02  1.3978E+01  5.4164E-01  6.7930E+01  1.5006E+02  1.0806E+01  8.4865E+00  2.8867E-01  3.5392E-01  0.0000E+00  1.9411E-01  0.0000E+00  0.0000E+00
  3.1300E+02  2.1666E+00  7.5729E+01  1.5006E+02  1.3978E+01  5.4164E-01  6.7930E+01  1.5006E+02  1.0806E+01  8.4865E+00  2.7645E-01  2.5913E-01  0.0000E+00  1.8464E-01  0.0000E+00  0.0000E+00
  3.1400E+02  2.1666E+00  7.5729E+01  1.5006E+02  1.3978E+01  5.4164E-01  6.7930E+01  1.5006E+02  1.0806E+01  8.4865E+00  2.6564E-01  2.3590E-01  0.0000E+00  1.7634E-01  0.0000E+00  0.0000E+00
  3.1500E+02  2.1666E+00  7.5729E+01  1.5006E+02  1.3978E+01  5.4164E-01  6.7930E+01  1.5006E+02  1.0806E+01  8.4865E+00  2.5592E-01  2.2310E-01  0.0000E+00  1.6896E-01  0.0000E+00  0.0000E+00
  3.1600E+02  2.1666E+00  7.5729E+01  1.5006E+02  1.3978E+01  5.4164E-01  6.7930E+01  1.5006E+02  1.0806E+01  8.4865E+00  2.4705E-01  2.3507E-01  0.0000E+00  1.6229E-01  0.0000E+00  0.0000E+00
  3.1700E+02  2.1666E+00  7.5729E+01  1.5006E+02  1.3978E+01  5.4164E-01  6.7930E+01  1.5006E+02  1.0806E+01  8.4865E+00  2.3885E-01  3.0430E-01  0.0000E+00  1.5617E-01  0.0000E+00  0.0000E+00
  3.1800E+02  2.1666E+00  7.5729E+01  1.5006E+02  1.3978E+01  5.4164E-01  6.7930E+01  1.5006E+02  1.0806E+01  8.4865E+00  2.3120E-01  1.9466E-01  0.0000E+00  1.5050E-01  0.0000E+00  0.0000E+00
  3.1900E+02  2.1666E+00  7.5729E+01  1.5006E+02  1.3978E+01  5.4164E-01  6.7930E+01  1.5006E+02  1.0806E+01  8.4865E+00  1.0187E+00  1.4244E+00  0.0000E+00  8.5332E-01  0.0000E+00  0.0000E+00
  3.2000E+02  2.1666E+00  7.5729E+01  1.5006E+02  1.3978E+01  5.4164E-01  6.7930E+01  1.5006E+02  1.0806E+01  8.4865E+00  1.2828E+00  7.4280E-01  0.0000E+00  1.0825E+00  0.0000E+00  0.0000E+00
  3.2100E+02  2.1666E+00  7.5729E+01  1.5006E+02  1.3978E+01  5.4164E-01  6.7930E+01  1.5006E+02  1.0806E+01  8.4865E+00  1.2930E+00  9.5877E-01  0.0000E+00  1.0844E+00  0.0000E+00  0.0000E+00
  3.2200E+02  2.1666E+00  7.5729E+01  1.5006E+02  1.3978E+01  5.4164E-01  6.7930E+01  1.5006E+02  1.0806E+01  8.4865E+00  1.1928E+00  6.2704E-01  0.0000E+00  9.8921E-01  0.0000E+00  0.0000E+00
  3.2300E+02  2.1666E+00  7.5729E+01  1.5006E+02  1.3978E+01  5.4164E-01  6.7930E+01  1.5006E+02  1.0806E+01  8.4865E+00  1.0556E+00  1.1425E+00  0.0000E+00  8.6303E-01  0.0000E+00  0.0000E+00
  3.2400E+02  2.1666E+00  7.5729E+01  1.5006E+02  1.3978E+01  5.4164E-01  6.7930E+01  1.5006E+02  1.0806E+01  8.4865E+00  9.1689E-01  1.0384E+00  0.0000E+00  7.3737E-01  0.0000E+00  0.0000E+00
  3.2500E+02  2.1666E+00  7.5729E+01  1.5006E+02  1.3978E+01  5.4164E-01  6.7930E+01  1.5006E+02  1.0806E+01  8.4865E+00  7.9202E-01  6.8597E-01  0.0000E+00  6.2549E-01  0.0000E+00  0.0000E+00
  3.2600E+02  2.1666E+00  7.5729E+01  1.5006E+02  1.3978E+01  5.4164E-01  6.7930E+01  1.5006E+02  1.0806E+01  8.4865E+00  6.8598E-01  4.4952E-01  0.0000E+00  5.3144E-01  0.0000E+00  0.0000E+00
  3.2700E+02  2.1666E+00  7.5729E+01  1.5006E+02  1.3978E+01  5.4164E-01  6.7930E+01  1.5006E+02  1.0806E+01  8.4865E+00  5.9880E-01  5.3418E-01  0.0000E+00  4.5490E-01  0.0000E+00  0.0000E+00
  3.2800E+02  2.1666E+00  7.5729E+01  1.5006E+02  1.3978E+01  5.4164E-01  6.7930E+01  1.5006E+02  1.0806E+01  8.4865E+00  5.2844E-01  5.1477E-01  0.0000E+00  3.9377E-01  0.0000E+00  0.0000E+00
  3.2900E+02  2.1666E+00  7.5729E+01  1.5006E+02  1.3978E+01  5.4164E-01  6.7930E+01  1.5006E+02  1.0806E+01  8.4865E+00  4.7216E-01  4.9186E-01  0.0000E+00  3.4540E-01  0.0000E+00  0.0000E+00
  3.3000E+02  2.1666E+00  7.5729E+01  1.5006E+02  1.3978E+01  5.4164E-01  6.7930E+01  1.5006E+02  1.0806E+01  8.4865E+00  4.2724E-01  6.3635E-01  0.0000E+00  3.0725E-01  0.0000E+00  0.0000E+00
  3.3100E+02  2.1666E+00  7.5729E+01  1.5006E+02  1.3978E+01  5.4164E-01  6.7930E+01  1.5006E+02  1.0806E+01  8.4865E+00  3.9129E-01  4.1665E-01  0.0000E+00  2.7709E-01  0.0000E+00  0.0000E+00
  3.3200E+02  2.1666E+00  7.5729E+01  1.5006E+02  1.3978E+01  5.4164E-01  6.7930E+01  1.5006E+02  1.0806E+01  8.4865E+00  3.6230E-01  1.7705E-01  0.0000E+00  2.5308E-01  0.0000E+00  0.0000E+00
  3.3300E+02  2.1666E+00  7.5729E+01  1.5006E+02  1.3978E+01  5.4164E-01  6.7930E+01  1.5006E+02  1.0806E+01  8.4865E+00  3.3866E-01  2.1636E-01  0.0000E+00  2.3377E-01  0.0000E+00  0.0000E+00
  3.3400E+02  2.1666E+00  7.5729E+01  1.5006E+02  1.3978E+01  5.4164E-01  6.7930E+01  1.5006E+02  1.0806E+01  8.4865E+00  3.1912E-01  2.0808E-01  0.0000E+00  2.1802E-01  0.0000E+00  0.0000E+00
  3.3500E+02  2.1666E+00  7.5729E+01  1.5006E+02  1.3978E+01  5.4164E-01  6.7930E+01  1.5006E+02  1.0806E+01  8.4865E+00  3.0270E-01  3.5689E-01  0.0000E+00  2.0496E-01  0.0000E+00  0.0000E+00
  3.3600E+02  2.1666E+00  7.5729E+01  1.5006E+02  1.3978E+01  5.4164E-01  6.7930E+01  1.5006E+02  1.0806E+01  8.4865E+00  2.8867E-01  4.4313E-01  0.0000E+00  1.9394E-01  0.0000E+00  0.0000E+00
  3.3700E+02  2.1666E+00  7.5729E+01  1.5006E+02  1.3978E+01  5.4164E-01  6.7930E+01  1.5006E+02  1.0806E+01  8.4865E+00  2.7646E-01  3.1342E-01  0.0000E+00  1.8447E-01  0.0000E+00  0.0000E+00
  3.3800E+02  2.1666E+00  7.5729E+01  1.5006E+02  1.3978E+01  5.4164E-01  6.7930E+01  1.5006E+02  1.0806E+01  8.4865E+00  2.6565E-01  3.4242E-01  0.0000E+00  1.7619E-01  0.0000E+00  0.0000E+00
  3.3900E+02  2.1666E+00  7.5729E+01  1.5006E+02  1.3978E+01  5.4164E-01  6.7930E+01  1.5006E+02  1.0806E+01  8.4865E+00  2.5592E-01  2.2325E-01  0.0000E+00  1.6881E-01  0.0000E+00  0.0000E+00
  3.4000E+02  2.1666E+00  7.5729E+01  1.5006E+02  1.3978E+01  5.4164E-01  6.7930E+01  1.5006E+02  1.0806E+01  8.4865E+00  2.4705E-01  1.2928E-01  0.0000E+00  1.6214E-01  0.0000E+00  0.0000E+00
  3.4100E+02  2.1666E+00  7.5729E+01  1.5006E+02  1.3978E+01  5.4164E-01  6.7930E+01  1.5006E+02  1.0806E+01  8.4865E+00  2.3885E-01  2.9833E-01  0.0000E+00  1.5603E-01  0.0000E+00  0.0000E+00
  3.4200E+02  2.1666E+00  7.5729E+01  1.5006E+02  1.3978E+01  5.4164E-01  6.7930E+01  1.5006E+02  1.0806E+01  8.4865E+00  2.3120E-01  2.5852E-01  0.0000E+00  1.5036E-01  0.0000E+00  0.0000E+00
  3.4300E+02  2.1666E+00  7.5729E+01  1.5006E+02  1.3978E+01  2.1666E-01  1.3464E+02  1.5006E+02  8.4791E+00  8.4865E+00  0.0000E+00  0.0000E+00  0.0000E+00  0.0000E+00  0.0000E+00  0.0000E+00
  3.4400E+02  2.1666E+00  7.5729E+01  1.5006E+02  1.3978E+01  2.1666E-01  1.3464E+02  1.5006E+02  8.4791E+00  8.4865E+00  0.0000E+00  0.0000E+00  0.0000E+00  0.0000E+00  0.0000E+00  0.0000E+00
  3.4500E+02  2.1666E+00  7.5729E+01  1.5006E+02  1.3978E+01  2.1666E-01  1.3464E+02  1.5006E+02  8.4791E+00  8.4865E+00  4.0713E-01  5.0398E-01  0.0000E+00  6.6491E-01  0.0000E+00  0.0000E+00
  3.4600E+02  2.1666E+00  7.5729E+01  1.5006E+02  1.3978E+01  2.1666E-01  1.3464E+02  1.5006E+02  8.4791E+00  8.4865E+00  6.8810E-01  6.0814E-01  0.0000E+00  1.0332E+00  0.0000E+00  0.0000E+00
  3.4700E+02  2.1666E+00  7.5729E+01  1.5006E+02  1.3978E+01  2.1666E-01  1.3464E+02  1.5006E+02  8.4791E+00  8.4865E+00  8.7413E-01  1.0920E+00  0.0000E+00  1.2081E+00  0.0000E+00  0.0000E+00
  3.4800E+02  2.1666E+00  7.5729E+01  1.5006E+02  1.3978E+01  2.1666E-01  1.3464E+02  1.5006E+02  8.4791E+00  8.4865E+00  9.8937E-01  1.0565E+00  0.0000E+00  1.2600E+00  0.0000E+00  0.0000E+00
  3.4900E+02  2.1666E+00  7.5729E+01  1.5006E+02  1.3978E+01  2.1666E-01  1.3464E+02  1.5006E+02  8.4791E+00  8.4865E+00  1.0525E+00  1.2815E+00  0.0000E+00  1.2369E+00  0.0000E+00  0.0000E+00
  3.5000E+02  2.1666E+00  7.5729E+01  1.5006E+02  1.3978E+01  2.1666E-01  1.3464E+02  1.5006E+02  8.4791E+00  8.4865E+00  1.0777E+00  2.2146E+00  0.0000E+00  1.1708E+00  0.0000E+00  0.0000E+00
  3.5100E+02  2.1666E+00  7.5729E+01  1.5006E+02  1.3978E+01  2.1666E-01  1.3464E+02  1.5006E+02  8.4791E+00  8.4865E+00  1.0759E+00  1.1153E+00  0.0000E+00  1.0826E+00  0.0000E+00  0.0000E+00
  3.5200E+02  2.1666E+00  7.5729E+01  1.5006E+02  1.3978E+01  2.1666E-01  1.3464E+02  1.5006E+02  8.4791E+00  8.4865E+00  1.0554E+00  1.3415E+00  0.0000E+00  9.8582E-01  0.0000E+00  0.0000E+00
  3.5300E+02  2.1666E+00  7.5729E+01  1.5006E+02  1.3978E+01  2.1666E-01  1.3464E+02  1.5006E+02  8.4791E+00  8.4865E+00  1.0225E+00  8.5743E-01  0.0000E+00  8.8878E-01  0.0000E+00  0.0000E+00
  3.5400E+02  2.1666E+00  7.5729E+01  1.5006E+02  1.3978E+01  2.1666E-01  1.3464E+02  1.5006E+02  8.4791E+00  8.4865E+00  9.8160E-01  6.6441E-01  0.0000E+00  7.9639E-01  0.0000E+00  0.0000E+00
  3.5500E+02  2.1666E+00  7.5729E+01  1.5006E+02  1.3978E+01  2.1666E-01  1.3464E+02  1.5006E+02  8.4791E+00  8.4865E+00  9.3626E-01  1.2141E+00  0.0000E+00  7.1128E-01  0.0000E+00  0.0000E+00
  3.5600E+02  2.1666E+00  7.5729E+01  1.5006E+02  1.3978E+01  2.1666E-01  1.3464E+02  1.5006E+02  8.4791E+00  8.4865E+00  8.8893E-01  9.4869E-01  0.0000E+00  6.3460E-01  0.0000E+00  0.0000E+00
  3.5700E+02  2.1666E+00  7.5729E+01  1.5006E+02  1.3978E+01  2.1666E-01  1.3464E+02  1.5006E+02  8.4791E+00  8.4865E+00  8.4135E-01  7.0893E-01  0.0000E+00  5.6659E-01  0.0000E+00  0.0000E+00
  3.5800E+02  2.1666E+00  7.5729E+01  1.5006E+02  1.3978E+01  2.1666E-01  1.3464E+02  1.5006E+02  8.4791E+00  8.4865E+00  7.9474E-01  7.1636E-01  0.0000E+00  5.0693E-01  0.0000E+00  0.0000E+00
  3.5900E+02  2.1666E+00  7.5729E+01  1.5006E+02  1.3978E+01  2.1666E-01  1.3464E+02  1.5006E+02  8.4791E+00  8.4865E+00  7.4992E-01  1.0873E+00  0.0000E+00  4.5502E-01  0.0000E+00  0.0000E+00
  3.6000E+02  2.1666E+00  7.5729E+01  1.5006E+02  1.3978E+01  2.1666E-01  1.3464E+02  1.5006E+02  8.4791E+00  8.4865E+00  7.0740E-01  7.7555E-01  0.0000E+00  4.1008E-01  0.0000E+00  0.0000E+00
  3.6100E+02  2.1666E+00  7.5729E+01  1.5006E+02  1.3978E+01  2.1666E-01  1.3464E+02  1.5006E+02  8.4791E+00  8.4865E+00  6.6747E-01  1.0024E+00  0.0000E+00  3.7130E-01  0.0000E+00  0.0000E+00
  3.6200E+02  2.1666E+00  7.5729E+01  1.5006E+02  1.3978E+01  2.1666E-01  1.3464E+02  1.5006E+02  8.4791E+00  8.4865E+00  6.3025E-01  7.1411E-01  0.0000E+00  3.3790E-01  0.0000E+00  0.0000E+00
  3.6300E+02  2.1666E+00  7.5729E+01  1.5006E+02  1.3978E+01  2.1666E-01  1.3464E+02  1.5006E+02  8.4791E+00  8.4865E+00  5.9576E-01  1.0429E+00  0.0000E+00  3.0914E-01  0.0000E+00  0.0000E+00
  3.6400E+02  2.1666E+00  7.5729E+01  1.5006E+02  1.3978E+01  2.1666E-01  1.3464E+02  1.5006E+02  8.4791E+00  8.4865E+00  5.6393E-01  5.2352E-01  0.0000E+00  2.8433E-01  0.0000E+00  0.0000E+00
  3.6500E+02  2.1666E+00  7.5729E+01  1.5006E+02  1.3978E+01  2.1666E-01  1.3464E+02  1.5006E+02  8.4791E+00  8.4865E+00  5.3466E-01  4.2114E-01  0.0000E+00  2.6290E-01  0.0000E+00  0.0000E+00
  3.6600E+02  2.1666E+00  7.5729E+01  1.5006E+02  1.3978E+01  2.1666E-01  1.3464E+02  1.5006E+02  8.4791E+00  8.4865E+00  5.0778E-01  6.2672E-01  0.0000E+00  2.4431E-01  0.0000E+00  0.0000E+00
  3.6700E+02  2.1666E+00  7.5729E+01  1.5006E+02  1.3978E+01  2.1666E-01  1.3464E+02  1.5006E+02  8.4791E+00  8.4865E+00  4.8313E-01  4.9222E-01  0.0000E+00  2.2813E-01  0.0000E+00  0.0000E+00
  3.6800E+02  2.1666E+00  7.5729E+01  1.5006E+02  1.3978E+01  2.1666E-01  1.3464E+02  1.5006E+02  8.4791E+00  8.4865E+00  4.6054E-01  3.3454E-01  0.0000E+00  2.1396E-01  0.0000E+00  0.0000E+00
  3.6900E+02  2.1666E+00  7.5729E+01  1.5006E+02  1.3978E+01  2.1666E-01  1.3464E+02  1.5006E+02  8.4791E+00  8.4865E+00  4.6054E-01  2.2206E-01  0.0000E+00  2.1396E-01  0.0000E+00  0.0000E+00
  3.7000E+02  2.1666E+00  7.5729E+01  1.5006E+02  1.3978E+01  2.1666E-01  1.3464E+02  1.5006E+02  8.4791E+00  8.4865E+00  6.4339E-01  6.8646E-01  0.0000E+00  5.3395E-01  0.0000E+00  0.0000E+00
  3.7100E+02  2.1666E+00  7.5729E+01  1.5006E+02  1.3978E+01  2.1666E-01  1.3464E+02  1.5006E+02  8.4791E+00  8.4865E+00  7.6488E-01  7.0820E-01  0.0000E+00  7.0707E-01  0.0000E+00  0.0000E+00
  3.7200E+02  2.1666E+00  7.5729E+01  1.5006E+02  1.3978E+01  2.1666E-01  1.3464E+02  1.5006E+02  8.4791E+00  8.4865E+00  8.4044E-01  1.0188E+00  0.0000E+00  7.8464E-01  0.0000E+00  0.0000E+00
  3.7300E+02  2.1666E+00  7.5729E+01  1.5006E+02  1.3978E+01  2.1666E-01  1.3464E+02  1.5006E+02  8.4791E+00  8.4865E+00  8.8200E-01  1.0499E+00  0.0000E+00  8.0178E-01  0.0000E+00  0.0000E+00
  3.7400E+02  2.1666E+00  7.5729E+01  1.5006E+02  1.3978E+01  2.1666E-01  1.3464E+02  1.5006E+02  8.4791E+00  8.4865E+00  8.9875E-01  1.2600E+00  0.0000E+00  7.8226E-01  0.0000E+00  0.0000E+00
  3.7500E+02  2.1666E+00  7.5729E+01  1.5006E+02  1.3978E+01  2.1666E-01  1.3464E+02  1.5006E+02  8.4791E+00  8.4865E+00  8.9768E-01  8.8595E-01  0.0000E+00  7.4194E-01  0.0000E+00  0.0000E+00
  3.7600E+02  2.1666E+00  7.5729E+01  1.5006E+02  1.3978E+01  2.1666E-01  1.3464E+02  1.5006E+02  8.4791E+00  8.4865E+00  8.8413E-01  8.6225E-01  0.0000E+00  6.9119E-01  0.0000E+00  0.0000E+00
  3.7700E+02  2.1666E+00  7.5729E+01  1.5006E+02  1.3978E+01  2.1666E-01  1.3464E+02  1.5006E+02  8.4791E+00  8.4865E+00  8.6213E-01  1.0334E+00  0.0000E+00  6.3667E-01  0.0000E+00  0.0000E+00
  3.7800E+02  2.1666E+00  7.5729E+01  1.5006E+02  1.3978E+01  2.1666E-01  1.3464E+02  1.5006E+02  8.4791E+00  8.4865E+00  8.3468E-01  6.0003E-01  0.0000E+00  5.8247E-01  0.0000E+00  0.0000E+00
  3.7900E+02  2.1666E+00  7.5729E+01  1.5006E+02  1.3978E+01  2.1666E-01  1.3464E+02  1.5006E+02  8.4791E+00  8.4865E+00  8.0401E-01  1.3236E+00  0.0000E+00  5.3099E-01  0.0000E+00  0.0000E+00
  3.8000E+02  2.1666E+00  7.5729E+01  1.5006E+02  1.3978E+01  2.1666E-01  1.3464E+02  1.5006E+02  8.4791E+00  8.4865E+00  7.7174E-01  9.1435E-01  0.0000E+00  4.8347E-01  0.0000E+00  0.0000E+00
  3.8100E+02  2.1666E+00  7.5729E+01  1.5006E+02  1.3978E+01  2.1666E-01  1.3464E+02  1.5006E+02  8.4791E+00  8.4865E+00  7.3906E-01  5.6801E-01  0.0000E+00  4.4046E-01  0.0000E+00  0.0000E+00
  3.8200E+02  2.1666E+00  7.5729E+01  1.5006E+02  1.3978E+01  2.1666E-01  1.3464E+02  1.5006E+02  8.4791E+00  8.4865E+00  7.0677E-01  4.4336E-01  0.0000E+00  4.0205E-01  0.0000E+00  0.0000E+00
  3.8300E+02  2.1666E+00  7.5729E+01  1.5006E+02  1.3978E+01  2.1666E-01  1.3464E+02  1.5006E+02  8.4791E+00  8.4865E+00  6.7543E-01  6.7385E-01  0.0000E+00  3.6805E-01  0.0000E+00  0.0000E+00
  3.8400E+02  2.1666E+00  7.5729E+01  1.5006E+02  1.3978E+01  2.1666E-01  1.3464E+02  1.5006E+02  8.4791E+00  8.4865E+00  6.4540E-01  6.1721E-01  0.0000E+00  3.3812E-01  0.0000E+00  0.0000E+00
  3.8500E+02  2.1666E+00  7.5729E+01  1.5006E+02  1.3978E+01  2.1666E-01  1.3464E+02  1.5006E+02  8.4791E+00  8.4865E+00  6.1690E-01  7.2014E-01  0.0000E+00  3.1186E-01  0.0000E+00  0.0000E+00
  3.8600E+02  2.1666E+00  7.5729E+01  1.5006E+02  1.3978E+01  2.1666E-01  1.3464E+02  1.5006E+02  8.4791E+00  8.4865E+00  5.9003E-01  8.6350E-01  0.0000E+00  2.8886E-01  0.0000E+00  0.0000E+00
  3.8700E+02  2.1666E+00  7.5729E+01  1.5006E+02  1.3978E+01  2.1666E-01  1.3464E+02  1.5006E+02  8.4791E+00  8.4865E+00  5.6482E-01  3.8968E-01  0.0000E+00  2.6870E-01  0.0000E+00  0.0000E+00
  3.8800E+02  2.1666E+00  7.5729E+01  1.5006E+02  1.3978E+01  2.1666E-01  1.3464E+02  1.5006E+02  8.4791E+00  8.4865E+00  5.4126E-01  8.0621E-01  0.0000E+00  2.5099E-01  0.0000E+00  0.0000E+00
  3.8900E+02  2.1666E+00  7.5729E+01  1.5006E+02  1.3978E+01  2.1666E-01  1.3464E+02  1.5006E+02  8.4791E+00  8.4865E+00  5.1929E-01  4.5742E-01  0.0000E+00  2.3540E-01  0.0000E+00  0.0000E+00
  3.9000E+02  2.1666E+00  7.5729E+01  1.5006E+02  1.3978E+01  2.1666E-01  1.3464E+02  1.5006E+02  8.4791E+00  8.4865E+00  4.9883E-01  7.2712E-01  0.0000E+00  2.2161E-01  0.0000E+00  0.0000E+00
  3.9100E+02  2.1666E+00  7.5729E+01  1.5006E+02  1.3978E+01  2.1666E-01  1.3464E+02  1.5006E+02  8.4791E+00  8.4865E+00  4.7977E-01  2.9416E-01  0.0000E+00  2.0936E-01  0.0000E+00  0.0000E+00
  3.9200E+02  2.1666E+00  7.5729E+01  1.5006E+02  1.3978E+01  2.1666E-01  1.3464E+02  1.5006E+02  8.4791E+00  8.4865E+00  4.6204E-01  6.9723E-01  0.0000E+00  1.9842E-01  0.0000E+00  0.0000E+00
  3.9300E+02  2.1666E+00  7.5729E+01  1.5006E+02  1.3978E+01  2.1666E-01  1.3464E+02  1.5006E+02  8.4791E+00  8.4865E+00  4.4551E-01  4.4421E-01  0.0000E+00  1.8859E-01  0.0000E+00  0.0000E+00
  3.9400E+02  2.1666E+00  7.5729E+01  1.5006E+02  1.3978E+01  2.1666E-01  1.3464E+02  1.5006E+02  8.4791E+00  8.4865E+00  6.3366E-01  8.1684E-01  0.0000E+00  5.1216E-01  0.0000E+00  0.0000E+00
  3.9500E+02  2.1666E+00  7.5729E+01  1.5006E+02  1.3978E+01  2.1666E-01  1.3464E+02  1.5006E+02  8.4791E+00  8.4865E+00  7.5974E-01  7.6339E-01  0.0000E+00  6.8824E-01  0.0000E+00  0.0000E+00
  3.9600E+02  2.1666E+00  7.5729E+01  1.5006E+02  1.3978E+01  2.1666E-01  1.3464E+02  1.5006E+02  8.4791E+00  8.4865E+00  8.3928E-01  1.1556E+00  0.0000E+00  7.6827E-01  0.0000E+00  0.0000E+00
  3.9700E+02  2.1666E+00  7.5729E+01  1.5006E+02  1.3978E+01  2.1666E-01  1.3464E+02  1.5006E+02  8.4791E+00  8.4865E+00  8.8426E-01  1.2208E+00  0.0000E+00  7.8744E-01  0.0000E+00  0.0000E+00
  3.9800E+02  2.1666E+00  7.5729E+01  1.5006E+02  1.3978E+01  2.1666E-01  1.3464E+02  1.5006E+02  8.4791E+00  8.4865E+00  9.0392E-01  5.5041E-01  0.0000E+00  7.6960E-01  0.0000E+00  0.0000E+00
  3.9900E+02  2.1666E+00  7.5729E+01  1.5006E+02  1.3978E+01  2.1666E-01  1.3464E+02  1.5006E+02  8.4791E+00  8.4865E+00  9.0533E-01  1.0591E+00  0.0000E+00  7.3068E-01  0.0000E+00  0.0000E+00
  4.0000E+02  2.1666E+00  7.5729E+01  1.5006E+02  1.3978E+01  2.1666E-01  1.3464E+02  1.5006E+02  8.4791E+00  8.4865E+00  8.9388E-01  9.2460E-01  0.0000E+00  6.8110E-01  0.0000E+00  0.0000E+00
  4.0100E+02  2.1666E+00  7.5729E+01  1.5006E+02  1.3978E+01  2.1666E-01  1.3464E+02  1.5006E+02  8.4791E+00  8.4865E+00  8.7363E-01  9.9922E-01  0.0000E+00  6.2756E-01  0.0000E+00  0.0000E+00
  4.0200E+02  2.1666E+00  7.5729E+01  1.5006E+02  1.3978E+01  2.1666E-01  1.3464E+02  1.5006E+02  8.4791E+00  8.4865E+00  8.4764E-01  7.2252E-01  0.0000E+00  5.7419E-01  0.0000E+00  0.0000E+00
  4.0300E+02  2.1666E+00  7.5729E+01  1.5006E+02  1.3978E+01  2.1666E-01  1.3464E+02  1.5006E+02  8.4791E+00  8.4865E+00  8.1817E-01  2.3544E-01  0.0000E+00  5.2339E-01  0.0000E+00  0.0000E+00
  4.0400E+02  2.1666E+00  7.5729E+01  1.5006E+02  1.3978E+01  2.1666E-01  1.3464E+02  1.5006E+02  8.4791E+00  8.4865E+00  7.8688E-01  9.3300E-01  0.0000E+00  4.7647E-01  0.0000E+00  0.0000E+00
  4.0500E+02  2.1666E+00  7.5729E+01  1.5006E+02  1.3978E+01  2.1666E-01  1.3464E+02  1.5006E+02  8.4791E+00  8.4865E+00  7.5498E-01  2.8824E-01  0.0000E+00  4.3397E-01  0.0000E+00  0.0000E+00
  4.0600E+02  2.1666E+00  7.5729E+01  1.5006E+02  1.3978E+01  2.1666E-01  1.3464E+02  1.5006E+02  8.4791E+00  8.4865E+00  7.2330E-01  8.5658E-01  0.0000E+00  3.9599E-01  0.0000E+00  0.0000E+00
  4.0700E+02  2.1666E+00  7.5729E+01  1.5006E+02  1.3978E+01  2.1666E-01  1.3464E+02  1.5006E+02  8.4791E+00  8.4865E+00  6.9243E-01  3.5891E-01  0.0000E+00  3.6237E-01  0.0000E+00  0.0000E+00
  4.0800E+02  2.1666E+00  7.5729E+01  1.5006E+02  1.3978E+01  2.1666E-01  1.3464E+02  1.5006E+02  8.4791E+00  8.4865E+00  6.6275E-01  8.0819E-01  0.0000E+00  3.3277E-01  0.0000E+00  0.0000E+00
  4.0900E+02  2.1666E+00  7.5729E+01  1.5006E+02  1.3978E+01  2.1666E-01  1.3464E+02  1.5006E+02  8.4791E+00  8.4865E+00  6.3448E-01  7.0524E-01  0.0000E+00  3.0681E-01  0.0000E+00  0.0000E+00
  4.1000E+02  2.1666E+00  7.5729E+01  1.5006E+02  1.3978E+01  2.1666E-01  1.3464E+02  1.5006E+02  8.4791E+00  8.4865E+00  6.0776E-01  4.8749E-01  0.0000E+00  2.8406E-01  0.0000E+00  0.0000E+00
  4.1100E+02  2.1666E+00  7.5729E+01  1.5006E+02  1.3978E+01  2.1666E-01  1.3464E+02  1.5006E+02  8.4791E+00  8.4865E+00  5.8263E-01  6.8968E-01  0.0000E+00  2.6413E-01  0.0000E+00  0.0000E+00
  4.1200E+02  2.1666E+00  7.5729E+01  1.5006E+02  1.3978E+01  2.1666E-01  1.3464E+02  1.5006E+02  8.4791E+00  8.4865E+00  5.5907E-01  2.9888E-01  0.0000E+00  2.4663E-01  0.0000E+00  0.0000E+00
  4.1300E+02  2.1666E+00  7.5729E+01  1.5006E+02  1.3978E+01  2.1666E-01  1.3464E+02  1.5006E+02  8.4791E+00  8.4865E+00  5.3705E-01  3.7498E-01  0.0000E+00  2.3123E-01  0.0000E+00  0.0000E+00
  4.1400E+02  2.1666E+00  7.5729E+01  1.5006E+02  1.3978E+01  2.1666E-01  1.3464E+02  1.5006E+02  8.4791E+00  8.4865E+00  5.1648E-01  5.9493E-01  0.0000E+00  2.1762E-01  0.0000E+00  0.0000E+00
  4.1500E+02  2.1666E+00  7.5729E+01  1.5006E+02  1.3978E+01  2.1666E-01  1.3464E+02  1.5006E+02  8.4791E+00  8.4865E+00  4.9729E-01  3.3403E-01  0.0000E+00  2.0553E-01  0.0000E+00  0.0000E+00
  4.1600E+02  2.1666E+00  7.5729E+01  1.5006E+02  1.3978E+01  2.1666E-01  1.3464E+02  1.5006E+02  8.4791E+00  8.4865E+00  4.7939E-01  4.2678E-01  0.0000E+00  1.9474E-01  0.0000E+00  0.0000E+00
  4.1700E+02  2.1666E+00  7.5729E+01  1.5006E+02  1.3978E+01  2.1666E-01  1.3464E+02  1.5006E+02  8.4791E+00  8.4865E+00  4.6266E-01  2.6623E-01  0.0000E+00  1.8505E-01  0.0000E+00  0.0000E+00
  4.1800E+02  2.1666E+00  7.5729E+01  1.5006E+02  1.3978E+01  2.1666E-01  1.3464E+02  1.5006E+02  8.4791E+00  8.4865E+00  6.5060E-01  4.1931E-01  0.0000E+00  5.0875E-01  0.0000E+00  0.0000E+00
  4.1900E+02  2.1666E+00  7.5729E+01  1.5006E+02  1.3978E+01  2.1666E-01  1.3464E+02  1.5006E+02  8.4791E+00  8.4865E+00  7.7644E-01  9.2960E-01  0.0000E+00  6.8495E-01  0.0000E+00  0.0000E+00
  4.2000E+02  2.1666E+00  7.5729E+01  1.5006E+02  1.3978E+01  2.1666E-01  1.3464E+02  1.5006E+02  8.4791E+00  8.4865E+00  8.5573E-01  9.1348E-01  0.0000E+00  7.6509E-01  0.0000E+00  0.0000E+00
  4.2100E+02  2.1666E+00  7.5729E+01  1.5006E+02  1.3978E+01  2.1666E-01  1.3464E+02  1.5006E+02  8.4791E+00  8.4865E+00  9.0045E-01  6.5410E-01  0.0000E+00  7.8438E-01  0.0000E+00  0.0000E+00
  4.2200E+02  2.1666E+00  7.5729E+01  1.5006E+02  1.3978E+01  2.1666E-01  1.3464E+02  1.5006E+02  8.4791E+00  8.4865E+00  9.1984E-01  5.7641E-01  0.0000E+00  7.6665E-01  0.0000E+00  0.0000E+00
  4.2300E+02  2.1666E+00  7.5729E+01  1.5006E+02  1.3978E+01  2.1666E-01  1.3464E+02  1.5006E+02  8.4791E+00  8.4865E+00  9.2097E-01  1.0669E+00  0.0000E+00  7.2782E-01  0.0000E+00  0.0000E+00
  4.2400E+02  2.1666E+00  7.5729E+01  1.5006E+02  1.3978E+01  2.1666E-01  1.3464E+02  1.5006E+02  8.4791E+00  8.4865E+00  9.0924E-01  6.6760E-01  0.0000E+00  6.7834E-01  0.0000E+00  0.0000E+00
  4.2500E+02  2.1666E+00  7.5729E+01  1.5006E+02  1.3978E+01  2.1666E-01  1.3464E+02  1.5006E+02  8.4791E+00  8.4865E+00  8.8870E-01  7.8913E-01  0.0000E+00  6.2489E-01  0.0000E+00  0.0000E+00
  4.2600E+02  2.1666E+00  7.5729E+01  1.5006E+02  1.3978E+01  2.1666E-01  1.3464E+02  1.5006E+02  8.4791E+00  8.4865E+00  8.6242E-01  7.3756E-01  0.0000E+00  5.7161E-01  0.0000E+00  0.0000E+00
  4.2700E+02  2.1666E+00  7.5729E+01  1.5006E+02  1.3978E+01  2.1666E-01  1.3464E+02  1.5006E+02  8.4791E+00  8.4865E+00  8.3267E-01  7.0158E-01  0.0000E+00  5.2090E-01  0.0000E+00  0.0000E+00
  4.2800E+02  2.1666E+00  7.5729E+01  1.5006E+02  1.3978E+01  2.1666E-01  1.3464E+02  1.5006E+02  8.4791E+00  8.4865E+00  8.0110E-01  7.8980E-01  0.0000E+00  4.7406E-01  0.0000E+00  0.0000E+00
  4.2900E+02  2.1666E+00  7.5729E+01  1.5006E+02  1.3978E+01  2.1666E-01  1.3464E+02  1.5006E+02  8.4791E+00  8.4865E+00  7.6891E-01  7.8205E-01  0.0000E+00  4.3164E-01  0.0000E+00  0.0000E+00
  4.3000E+02  2.1666E+00  7.5729E+01  1.5006E+02  1.3978E+01  2.1666E-01  1.3464E+02  1.5006E+02  8.4791E+00  8.4865E+00  7.3695E-01  3.7216E-01  0.0000E+00  3.9374E-01  0.0000E+00  0.0000E+00
  4.3100E+02  2.1666E+00  7.5729E+01  1.5006E+02  1.3978E+01  2.1666E-01  1.3464E+02  1.5006E+02  8.4791E+00  8.4865E+00  7.0581E-01  9.1638E-01  0.0000E+00  3.6019E-01  0.0000E+00  0.0000E+00
  4.3200E+02  2.1666E+00  7.5729E+01  1.5006E+02  1.3978E+01  2.1666E-01  1.3464E+02  1.5006E+02  8.4791E+00  8.4865E+00  6.7585E-01  5.6960E-01  0.0000E+00  3.3066E-01  0.0000E+00  0.0000E+00
  4.3300E+02  2.1666E+00  7.5729E+01  1.5006E+02  1.3978E+01  2.1666E-01  1.3464E+02  1.5006E+02  8.4791E+00  8.4865E+00  6.4731E-01  7.5225E-01  0.0000E+00  3.0476E-01  0.0000E+00  0.0000E+00
  4.3400E+02  2.1666E+00  7.5729E+01  1.5006E+02  1.3978E+01  2.1666E-01  1.3464E+02  1.5006E+02  8.4791E+00  8.4865E+00  6.2032E-01  3.8958E-01  0.0000E+00  2.8208E-01  0.0000E+00  0.0000E+00
  4.3500E+02  2.1666E+00  7.5729E+01  1.5006E+02  1.3978E+01  2.1666E-01  1.3464E+02  1.5006E+02  8.4791E+00  8.4865E+00  5.9492E-01  6.6924E-01  0.0000E+00  2.6221E-01  0.0000E+00  0.0000E+00
  4.3600E+02  2.1666E+00  7.5729E+01  1.5006E+02  1.3978E+01  2.1666E-01  1.3464E+02  1.5006E+02  8.4791E+00  8.4865E+00  5.7110E-01  6.9303E-01  0.0000E+00  2.4478E-01  0.0000E+00  0.0000E+00
  4.3700E+02  2.1666E+00  7.5729E+01  1.5006E+02  1.3978E+01  2.1666E-01  1.3464E+02  1.5006E+02  8.4791E+00  8.4865E+00  5.4882E-01  6.6775E-01  0.0000E+00  2.2944E-01  0.0000E+00  0.0000E+00
  4.3800E+02  2.1666E+00  7.5729E+01  1.5006E+02  1.3978E+01  2.1666E-01  1.3464E+02  1.5006E+02  8.4791E+00  8.4865E+00  5.2801E-01  5.9319E-01  0.0000E+00  2.1588E-01  0.0000E+00  0.0000E+00
  4.3900E+02  2.1666E+00  7.5729E+01  1.5006E+02  1.3978E+01  2.1666E-01  1.3464E+02  1.5006E+02  8.4791E+00  8.4865E+00  5.0857E-01  6.7530E-01  0.0000E+00  2.0385E-01  0.0000E+00  0.0000E+00
  4.4000E+02  2.1666E+00  7.5729E+01  1.5006E+02  1.3978E+01  2.1666E-01  1.3464E+02  1.5006E+02  8.4791E+00  8.4865E+00  4.9042E-01  6.1810E-01  0.0000E+00  1.9311E-01  0.0000E+00  0.0000E+00
  4.4100E+02  2.1666E+00  7.5729E+01  1.5006E+02  1.3978E+01  2.1666E-01  1.3464E+02  1.5006E+02  8.4791E+00  8.4865E+00  4.7346E-01  4.6582E-01  0.0000E+00  1.8348E-01  0.0000E+00  0.0000E+00
  4.4200E+02  2.1666E+00  7.5729E+01  1.5006E+02  1.3978E+01  2.1666E-01  1.3464E+02  1.5006E+02  8.4791E+00  8.4865E+00  6.6116E-01  1.4700E-01  0.0000E+00  5.0723E-01  0.0000E+00  0.0000E+00
  4.4300E+02  2.1666E+00  7.5729E+01  1.5006E+02  1.3978E+01  2.1666E-01  1.3464E+02  1.5006E+02  8.4791E+00  8.4865E+00  7.8678E-01  4.3617E-01  0.0000E+00  6.8348E-01  0.0000E+00  0.0000E+00
  4.4400E+02  2.1666E+00  7.5729E+01  1.5006E+02  1.3978E+01  2.1666E-01  1.3464E+02  1.5006E+02  8.4791E+00  8.4865E+00  8.6584E-01  9.4335E-01  0.0000E+00  7.6367E-01  0.0000E+00  0.0000E+00
  4.4500E+02  2.1666E+00  7.5729E+01  1.5006E+02  1.3978E+01  2.1666E-01  1.3464E+02  1.5006E+02  8.4791E+00  8.4865E+00  9.1033E-01  7.4858E-01  0.0000E+00  7.8300E-01  0.0000E+00  0.0000E+00
  4.4600E+02  2.1666E+00  7.5729E+01  1.5006E+02  1.3978E+01  2.1666E-01  1.3464E+02  1.5006E+02  8.4791E+00  8.4865E+00  9.2951E-01  7.2857E-01  0.0000E+00  7.6531E-01  0.0000E+00  0.0000E+00
  4.4700E+02  2.1666E+00  7.5729E+01  1.5006E+02  1.3978E+01  2.1666E-01  1.3464E+02  1.5006E+02  8.4791E+00  8.4865E+00  9.3043E-01  4.0703E-01  0.0000E+00  7.2653E-01  0.0000E+00  0.0000E+00
  4.4800E+02  2.1666E+00  7.5729E+01  1.5006E+02  1.3978E+01  2.1666E-01  1.3464E+02  1.5006E+02  8.4791E+00  8.4865E+00  9.1849E-01  9.6742E-01  0.0000E+00  6.7709E-01  0.0000E+00  0.0000E+00
  4.4900E+02  2.1666E+00  7.5729E+01  1.5006E+02  1.3978E+01  2.1666E-01  1.3464E+02  1.5006E+02  8.4791E+00  8.4865E+00  8.9776E-01  1.1327E+00  0.0000E+00  6.2368E-01  0.0000E+00  0.0000E+00
  4.5000E+02  2.1666E+00  7.5729E+01  1.5006E+02  1.3978E+01  2.1666E-01  1.3464E+02  1.5006E+02  8.4791E+00  8.4865E+00  8.7128E-01  8.9989E-01  0.0000E+00  5.7043E-01  0.0000E+00  0.0000E+00
  4.5100E+02  2.1666E+00  7.5729E+01  1.5006E+02  1.3978E+01  2.1666E-01  1.3464E+02  1.5006E+02  8.4791E+00  8.4865E+00  8.4133E-01  1.2720E+00  0.0000E+00  5.1976E-01  0.0000E+00  0.0000E+00
  4.5200E+02  2.1666E+00  7.5729E+01  1.5006E+02  1.3978E+01  2.1666E-01  1.3464E+02  1.5006E+02  8.4791E+00  8.4865E+00  8.0957E-01  7.8048E-01  0.0000E+00  4.7296E-01  0.0000E+00  0.0000E+00
  4.5300E+02  2.1666E+00  7.5729E+01  1.5006E+02  1.3978E+01  2.1666E-01  1.3464E+02  1.5006E+02  8.4791E+00  8.4865E+00  7.7720E-01  7.2079E-01  0.0000E+00  4.3057E-01  0.0000E+00  0.0000E+00
  4.5400E+02  2.1666E+00  7.5729E+01  1.5006E+02  1.3978E+01  2.1666E-01  1.3464E+02  1.5006E+02  8.4791E+00  8.4865E+00  7.4506E-01  9.9274E-01  0.0000E+00  3.9271E-01  0.0000E+00  0.0000E+00
  4.5500E+02  2.1666E+00  7.5729E+01  1.5006E+02  1.3978E+01  2.1666E-01  1.3464E+02  1.5006E+02  8.4791E+00  8.4865E+00  7.1373E-01  3.5445E-01  0.0000E+00  3.5919E-01  0.0000E+00  0.0000E+00
  4.5600E+02  2.1666E+00  7.5729E+01  1.5006E+02  1.3978E+01  2.1666E-01  1.3464E+02  1.5006E+02  8.4791E+00  8.4865E+00  6.8360E-01  7.5620E-01  0.0000E+00  3.2969E-01  0.0000E+00  0.0000E+00
  4.5700E+02  2.1666E+00  7.5729E+01  1.5006E+02  1.3978E+01  2.1666E-01  1.3464E+02  1.5006E+02  8.4791E+00  8.4865E+00  6.5489E-01  3.5532E-01  0.0000E+00  3.0383E-01  0.0000E+00  0.0000E+00
  4.5800E+02  2.1666E+00  7.5729E+01  1.5006E+02  1.3978E+01  2.1666E-01  1.3464E+02  1.5006E+02  8.4791E+00  8.4865E+00  6.2774E-01  6.6702E-01  0.0000E+00  2.8118E-01  0.0000E+00  0.0000E+00
  4.5900E+02  2.1666E+00  7.5729E+01  1.5006E+02  1.3978E+01  2.1666E-01  1.3464E+02  1.5006E+02  8.4791E+00  8.4865E+00  6.0217E-01  5.5435E-01  0.0000E+00  2.6134E-01  0.0000E+00  0.0000E+00
  4.6000E+02  2.1666E+00  7.5729E+01  1.5006E+02  1.3978E+01  2.1666E-01  1.3464E+02  1.5006E+02  8.4791E+00  8.4865E+00  5.7820E-01  7.4960E-01  0.0000E+00  2.4393E-01  0.0000E+00  0.0000E+00
  4.6100E+02  2.1666E+00  7.5729E+01  1.5006E+02  1.3978E+01  2.1666E-01  1.3464E+02  1.5006E+02  8.4791E+00  8.4865E+00  5.5576E-01  5.6675E-01  0.0000E+00  2.2862E-01  0.0000E+00  0.0000E+00
  4.6200E+02  2.1666E+00  7.5729E+01  1.5006E+02  1.3978E+01  2.1666E-01  1.3464E+02  1.5006E+02  8.4791E+00  8.4865E+00  5.3479E-01  5.8331E-01  0.0000E+00  2.1509E-01  0.0000E+00  0.0000E+00
  4.6300E+02  2.1666E+00  7.5729E+01  1.5006E+02  1.3978E+01  2.1666E-01  1.3464E+02  1.5006E+02  8.4791E+00  8.4865E+00  5.1521E-01  3.8648E-01  0.0000E+00  2.0308E-01  0.0000E+00  0.0000E+00
  4.6400E+02  2.1666E+00  7.5729E+01  1.5006E+02  1.3978E+01  2.1666E-01  1.3464E+02  1.5006E+02  8.4791E+00  8.4865E+00  4.9691E-01  2.6881E-01  0.0000E+00  1.9237E-01  0.0000E+00  0.0000E+00
  4.6500E+02  2.1666E+00  7.5729E+01  1.5006E+02  1.3978E+01  2.1666E-01  1.3464E+02  1.5006E+02  8.4791E+00  8.4865E+00  4.7981E-01  5.8136E-01  0.0000E+00  1.8276E-01  0.0000E+00  0.0000E+00
  4.6600E+02  2.1666E+00  7.5729E+01  1.5006E+02  1.3978E+01  2.1666E-01  1.3464E+02  1.5006E+02  8.4791E+00  8.4865E+00  6.6737E-01  5.3851E-01  0.0000E+00  5.0653E-01  0.0000E+00  0.0000E+00
  4.6700E+02  2.1666E+00  7.5729E+01  1.5006E+02  1.3978E+01  2.1666E-01  1.3464E+02  1.5006E+02  8.4791E+00  8.4865E+00  7.9285E-01  1.0188E+00  0.0000E+00  6.8281E-01  0.0000E+00  0.0000E+00
  4.6800E+02  2.1666E+00  7.5729E+01  1.5006E+02  1.3978E+01  2.1666E-01  1.3464E+02  1.5006E+02  8.4791E+00  8.4865E+00  8.7178E-01  4.7751E-01  0.0000E+00  7.6301E-01  0.0000E+00  0.0000E+00
  4.6900E+02  2.1666E+00  7.5729E+01  1.5006E+02  1.3978E+01  2.1666E-01  1.3464E+02  1.5006E+02  8.4791E+00  8.4865E+00  9.1615E-01  1.1184E+00  0.0000E+00  7.8237E-01  0.0000E+00  0.0000E+00
  4.7000E+02  2.1666E+00  7.5729E+01  1.5006E+02  1.3978E+01  2.1666E-01  1.3464E+02  1.5006E+02  8.4791E+00  8.4865E+00  9.3519E-01  7.8565E-01  0.0000E+00  7.6470E-01  0.0000E+00  0.0000E+00
  4.7100E+02  2.1666E+00  7.5729E+01  1.5006E+02  1.3978E+01  2.1666E-01  1.3464E+02  1.5006E+02  8.4791E+00  8.4865E+00  9.3599E-01  1.3698E+00  0.0000E+00  7.2594E-01  0.0000E+00  0.0000E+00
  4.7200E+02  2.1666E+00  7.5729E+01  1.5006E+02  1.3978E+01  2.1666E-01  1.3464E+02  1.5006E+02  8.4791E+00  8.4865E+00  9.2393E-01  1.1211E+00  0.0000E+00  6.7652E-01  0.0000E+00  0.0000E+00
  4.7300E+02  2.1666E+00  7.5729E+01  1.5006E+02  1.3978E+01  2.1666E-01  1.3464E+02  1.5006E+02  8.4791E+00  8.4865E+00  9.0308E-01  5.4486E-01  0.0000E+00  6.2313E-01  0.0000E+00  0.0000E+00
  4.7400E+02  2.1666E+00  7.5729E+01  1.5006E+02  1.3978E+01  2.1666E-01  1.3464E+02  1.5006E+02  8.4791E+00  8.4865E+00  8.7648E-01  7.5479E-01  0.0000E+00  5.6990E-01  0.0000E+00  0.0000E+00
  4.7500E+02  2.1666E+00  7.5729E+01  1.5006E+02  1.3978E+01  2.1666E-01  1.3464E+02  1.5006E+02  8.4791E+00  8.4865E+00  8.4642E-01  8.0525E-01  0.0000E+00  5.1925E-01  0.0000E+00  0.0000E+00
  4.7600E+02  2.1666E+00  7.5729E+01  1.5006E+02  1.3978E+01  2.1666E-01  1.3464E+02  1.5006E+02  8.4791E+00  8.4865E+00  8.1455E-01  4.8254E-01  0.0000E+00  4.7246E-01  0.0000E+00  0.0000E+00
  4.7700E+02  2.1666E+00  7.5729E+01  1.5006E+02  1.3978E+01  2.1666E-01  1.3464E+02  1.5006E+02  8.4791E+00  8.4865E+00  7.8207E-01  7.6081E-01  0.0000E+00  4.3009E-01  0.0000E+00  0.0000E+00
  4.7800E+02  2.1666E+00  7.5729E+01  1.5006E+02  1.3978E+01  2.1666E-01  1.3464E+02  1.5006E+02  8.4791E+00  8.4865E+00  7.4982E-01  7.5656E-01  0.0000E+00  3.9224E-01  0.0000E+00  0.0000E+00
  4.7900E+02  2.1666E+00  7.5729E+01  1.5006E+02  1.3978E+01  2.1666E-01  1.3464E+02  1.5006E+02  8.4791E+00  8.4865E+00  7.1839E-01  7.7528E-01  0.0000E+00  3.5873E-01  0.0000E+00  0.0000E+00
  4.8000E+02  2.1666E+00  7.5729E+01  1.5006E+02  1.3978E+01  2.1666E-01  1.3464E+02  1.5006E+02  8.4791E+00  8.4865E+00  6.8815E-01  7.5218E-01  0.0000E+00  3.2925E-01  0.0000E+00  0.0000E+00
  4.8100E+02  2.1666E+00  7.5729E+01  1.5006E+02  1.3978E+01  2.1666E-01  1.3464E+02  1.5006E+02  8.4791E+00  8.4865E+00  6.5935E-01  5.1725E-01  0.0000E+00  3.0340E-01  0.0000E+00  0.0000E+00
  4.8200E+02  2.1666E+00  7.5729E+01  1.5006E+02  1.3978E+01  2.1666E-01  1.3464E+02  1.5006E+02  8.4791E+00  8.4865E+00  6.3209E-01  5.4669E-01  0.0000E+00  2.8076E-01  0.0000E+00  0.0000E+00
  4.8300E+02  2.1666E+00  7.5729E+01  1.5006E+02  1.3978E+01  2.1666E-01  1.3464E+02  1.5006E+02  8.4791E+00  8.4865E+00  6.0643E-01  6.4927E-01  0.0000E+00  2.6094E-01  0.0000E+00  0.0000E+00
  4.8400E+02  2.1666E+00  7.5729E+01  1.5006E+02  1.3978E+01  2.1666E-01  1.3464E+02  1.5006E+02  8.4791E+00  8.4865E+00  5.8236E-01  5.9860E-01  0.0000E+00  2.4354E-01  0.0000E+00  0.0000E+00
  4.8500E+02  2.1666E+00  7.5729E+01  1.5006E+02  1.3978E+01  2.1666E-01  1.3464E+02  1.5006E+02  8.4791E+00  8.4865E+00  5.5984E-01  7.9114E-01  0.0000E+00  2.2824E-01  0.0000E+00  0.0000E+00
  4.8600E+02  2.1666E+00  7.5729E+01  1.5006E+02  1.3978E+01  2.1666E-01  1.3464E+02  1.5006E+02  8.4791E+00  8.4865E+00  5.3878E-01  5.2042E-01  0.0000E+00  2.1472E-01  0.0000E+00  0.0000E+00
  4.8700E+02  2.1666E+00  7.5729E+01  1.5006E+02  1.3978E+01  2.1666E-01  1.3464E+02  1.5006E+02  8.4791E+00  8.4865E+00  5.1911E-01  4.4329E-01  0.0000E+00  2.0273E-01  0.0000E+00  0.0000E+00
  4.8800E+02  2.1666E+00  7.5729E+01  1.5006E+02  1.3978E+01  2.1666E-01  1.3464E+02  1.5006E+02  8.4791E+00  8.4865E+00  5.0073E-01  6.9487E-01  0.0000E+00  1.9203E-01  0.0000E+00  0.0000E+00
  4.8900E+02  2.1666E+00  7.5729E+01  1.5006E+02  1.3978E+01  2.1666E-01  1.3464E+02  1.5006E+02  8.4791E+00  8.4865E+00  4.8354E-01  3.7035E-01  0.0000E+00  1.8243E-01  0.0000E+00  0.0000E+00
  4.9000E+02  2.1666E+00  7.5729E+01  1.5006E+02  1.3978E+01  2.1666E-01  1.3464E+02  1.5006E+02  8.4791E+00  8.4865E+00  6.7102E-01  6.7870E-01  0.0000E+00  5.0621E-01  0.0000E+00  0.0000E+00
  4.9100E+02  2.1666E+00  7.5729E+01  1.5006E+02  1.3978E+01  2.1666E-01  1.3464E+02  1.5006E+02  8.4791E+00  8.4865E+00  7.9642E-01  7.5375E-01  0.0000E+00  6.8250E-01  0.0000E+00  0.0000E+00
  4.9200E+02  2.1666E+00  7.5729E+01  1.5006E+02  1.3978E+01  2.1666E-01  1.3464E+02  1.5006E+02  8.4791E+00  8.4865E+00  8.7526E-01  9.5426E-01  0.0000E+00  7.6272E-01  0.0000E+00  0.0000E+00
  4.9300E+02  2.1666E+00  7.5729E+01  1.5006E+02  1.3978E+01  2.1666E-01  1.3464E+02  1.5006E+02  8.4791E+00  8.4865E+00  9.1956E-01  1.6319E+00  0.0000E+00  7.8208E-01  0.0000E+00  0.0000E+00
  4.9400E+02  2.1666E+00  7.5729E+01  1.5006E+02  1.3978E+01  2.1666E-01  1.3464E+02  1.5006E+02  8.4791E+00  8.4865E+00  9.3853E-01  6.4096E-01  0.0000E+00  7.6442E-01  0.0000E+00  0.0000E+00
  4.9500E+02  2.1666E+00  7.5729E+01  1.5006E+02  1.3978E+01  2.1666E-01  1.3464E+02  1.5006E+02  8.4791E+00  8.4865E+00  9.3926E-01  9.4827E-01  0.0000E+00  7.2566E-01  0.0000E+00  0.0000E+00
  4.9600E+02  2.1666E+00  7.5729E+01  1.5006E+02  1.3978E+01  2.1666E-01  1.3464E+02  1.5006E+02  8.4791E+00  8.4865E+00  9.2712E-01  6.6065E-01  0.0000E+00  6.7625E-01  0.0000E+00  0.0000E+00
  4.9700E+02  2.1666E+00  7.5729E+01  1.5006E+02  1.3978E+01  2.1666E-01  1.3464E+02  1.5006E+02  8.4791E+00  8.4865E+00  9.0620E-01  7.6736E-01  0.0000E+00  6.2287E-01  0.0000E+00  0.0000E+00
  4.9800E+02  2.1666E+00  7.5729E+01  1.5006E+02  1.3978E+01  2.1666E-01  1.3464E+02  1.5006E+02  8.4791E+00  8.4865E+00  8.7953E-01  1.2478E+00  0.0000E+00  5.6965E-01  0.0000E+00  0.0000E+00
  4.9900E+02  2.1666E+00  7.5729E+01  1.5006E+02  1.3978E+01  2.1666E-01  1.3464E+02  1.5006E+02  8.4791E+00  8.4865E+00  8.4940E-01  1.0253E+00  0.0000E+00  5.1901E-01  0.0000E+00  0.0000E+00
  5.0000E+02  2.1666E+00  7.5729E+01  1.5006E+02  1.3978E+01  2.1666E-01  1.3464E+02  1.5006E+02  8.4791E+00  8.4865E+00  8.1747E-01  8.4294E-01  0.0000E+00  4.7223E-01  0.0000E+00  0.0000E+00
  5.0100E+02  2.1666E+00  7.5729E+01  1.5006E+02  1.3978E+01  2.1666E-01  1.3464E+02  1.5006E+02  8.4791E+00  8.4865E+00  7.8492E-01  5.6715E-01  0.0000E+00  4.2986E-01  0.0000E+00  0.0000E+00
  5.0200E+02  2.1666E+00  7.5729E+01  1.5006E+02  1.3978E+01  2.1666E-01  1.3464E+02  1.5006E+02  8.4791E+00  8.4865E+00  7.5261E-01  8.6872E-01  0.0000E+00  3.9202E-01  0.0000E+00  0.0000E+00
  5.0300E+02  2.1666E+00  7.5729E+01  1.5006E+02  1.3978E+01  2.1666E-01  1.3464E+02  1.5006E+02  8.4791E+00  8.4865E+00  7.2112E-01  6.8622E-01  0.0000E+00  3.5852E-01  0.0000E+00  0.0000E+00
  5.0400E+02  2.1666E+00  7.5729E+01  1.5006E+02  1.3978E+01  2.1666E-01  1.3464E+02  1.5006E+02  8.4791E+00  8.4865E+00  6.9082E-01  4.8174E-01  0.0000E+00  3.2905E-01  0.0000E+00  0.0000E+00
  5.0500E+02  2.1666E+00  7.5729E+01  1.5006E+02  1.3978E+01  2.1666E-01  1.3464E+02  1.5006E+02  8.4791E+00  8.4865E+00  6.6196E-01  6.3859E-01  0.0000E+00  3.0320E-01  0.0000E+00  0.0000E+00
  5.0600E+02  2.1666E+00  7.5729E+01  1.5006E+02  1.3978E+01  2.1666E-01  1.3464E+02  1.5006E+02  8.4791E+00  8.4865E+00  6.3465E-01  3.6694E-01  0.0000E+00  2.8057E-01  0.0000E+00  0.0000E+00
  5.0700E+02  2.1666E+00  7.5729E+01  1.5006E+02  1.3978E+01  2.1666E-01  1.3464E+02  1.5006E+02  8.4791E+00  8.4865E+00  6.0893E-01  5.3185E-01  0.0000E+00  2.6075E-01  0.0000E+00  0.0000E+00
  5.0800E+02  2.1666E+00  7.5729E+01  1.5006E+02  1.3978E+01  2.1666E-01  1.3464E+02  1.5006E+02  8.4791E+00  8.4865E+00  5.8481E-01  4.3047E-01  0.0000E+00  2.4337E-01  0.0000E+00  0.0000E+00
  5.0900E+02  2.1666E+00  7.5729E+01  1.5006E+02  1.3978E+01  2.1666E-01  1.3464E+02  1.5006E+02  8.4791E+00  8.4865E+00  5.6223E-01  4.2977E-01  0.0000E+00  2.2807E-01  0.0000E+00  0.0000E+00
  5.1000E+02  2.1666E+00  7.5729E+01  1.5006E+02  1.3978E+01  2.1666E-01  1.3464E+02  1.5006E+02  8.4791E+00  8.4865E+00  5.4112E-01  6.5411E-01  0.0000E+00  2.1456E-01  0.0000E+00  0.0000E+00
  5.1100E+02  2.1666E+00  7.5729E+01  1.5006E+02  1.3978E+01  2.1666E-01  1.3464E+02  1.5006E+02  8.4791E+00  8.4865E+00  5.2139E-01  4.7515E-01  0.0000E+00  2.0257E-01  0.0000E+00  0.0000E+00
  5.1200E+02  2.1666E+00  7.5729E+01  1.5006E+02  1.3978E+01  2.1666E-01  1.3464E+02  1.5006E+02  8.4791E+00  8.4865E+00  5.0296E-01  3.6860E-01  0.0000E+00  1.9187E-01  0.0000E+00  0.0000E+00
  5.1300E+02  2.1666E+00  7.5729E+01  1.5006E+02  1.3978E+01  2.1666E-01  1.3464E+02  1.5006E+02  8.4791E+00  8.4865E+00  4.8573E-01  4.2270E-01  0.0000E+00  1.8228E-01  0.0000E+00  0.0000E+00
