TABLE NO.  1
 NMROW       TVKA        TVV2        TVV3        TVCL        KA          V2          V3          CL          Q           IPRED       Y           DV          PRED        RES         WRES
  1.0000E+00  2.1666E+00  7.5729E+01  1.5006E+02  1.3978E+01  2.1666E+00  9.0741E+01  1.5006E+02  1.3205E+01  8.4865E+00  0.0000E+00  0.0000E+00  0.0000E+00  0.0000E+00  0.0000E+00  0.0000E+00
  2.0000E+00  2.1666E+00  7.5729E+01  1.5006E+02  1.3978E+01  2.1666E+00  9.0741E+01  1.5006E+02  1.3205E+01  8.4865E+00  0.0000E+00  0.0000E+00  0.0000E+00  0.0000E+00  0.0000E+00  0.0000E+00
  3.0000E+00  2.1666E+00  7.5729E+01  1.5006E+02  1.3978E+01  2.1666E+00  9.0741E+01  1.5006E+02  1.3205E+01  8.4865E+00  2.5037E+00  1.6011E+00  0.0000E+00  2.8907E+00  0.0000E+00  0.0000E+00
  4.0000E+00  2.1666E+00  7.5729E+01  1.5006E+02  1.3978E+01  2.1666E+00  9.0741E+01  1.5006E+02  1.3205E+01  8.4865E+00  2.2717E+00  9.1225E-01  0.0000E+00  2.4982E+00  0.0000E+00  0.0000E+00
  5.0000E+00  2.1666E+00  7.5729E+01  1.5006E+02  1.3978E+01  2.1666E+00  9.0741E+01  1.5006E+02  1.3205E+01  8.4865E+00  1.8450E+00  1.4953E+00  0.0000E+00  1.9258E+00  0.0000E+00  0.0000E+00
  6.0000E+00  2.1666E+00  7.5729E+01  1.5006E+02  1.3978E+01  2.1666E+00  9.0741E+01  1.5006E+02  1.3205E+01  8.4865E+00  1.4871E+00  1.2435E+00  0.0000E+00  1.4754E+00  0.0000E+00  0.0000E+00
  7.0000E+00  2.1666E+00  7.5729E+01  1.5006E+02  1.3978E+01  2.1666E+00  9.0741E+01  1.5006E+02  1.3205E+01  8.4865E+00  1.2070E+00  1.1227E+00  0.0000E+00  1.1424E+00  0.0000E+00  0.0000E+00
  8.0000E+00  2.1666E+00  7.5729E+01  1.5006E+02  1.3978E+01  2.1666E+00  9.0741E+01  1.5006E+02  1.3205E+01  8.4865E+00  9.8970E-01  7.6581E-01  0.0000E+00  8.9808E-01  0.0000E+00  0.0000E+00
  9.0000E+00  2.1666E+00  7.5729E+01  1.5006E+02  1.3978E+01  2.1666E+00  9.0741E+01  1.5006E+02  1.3205E+01  8.4865E+00  8.2090E-01  5.5896E-01  0.0000E+00  7.1850E-01  0.0000E+00  0.0000E+00
  1.0000E+01  2.1666E+00  7.5729E+01  1.5006E+02  1.3978E+01  2.1666E+00  9.0741E+01  1.5006E+02  1.3205E+01  8.4865E+00  6.8945E-01  1.0620E+00  0.0000E+00  5.8604E-01  0.0000E+00  0.0000E+00
  1.1000E+01  2.1666E+00  7.5729E+01  1.5006E+02  1.3978E+01  2.1666E+00  9.0741E+01  1.5006E+02  1.3205E+01  8.4865E+00  5.8674E-01  5.7392E-01  0.0000E+00  4.8784E-01  0.0000E+00  0.0000E+00
  1.2000E+01  2.1666E+00  7.5729E+01  1.5006E+02  1.3978E+01  2.1666E+00  9.0741E+01  1.5006E+02  1.3205E+01  8.4865E+00  5.0613E-01  3.6768E-01  0.0000E+00  4.1458E-01  0.0000E+00  0.0000E+00
  1.3000E+01  2.1666E+00  7.5729E+01  1.5006E+02  1.3978E+01  2.1666E+00  9.0741E+01  1.5006E+02  1.3205E+01  8.4865E+00  4.4255E-01  4.8772E-01  0.0000E+00  3.5947E-01  0.0000E+00  0.0000E+00
  1.4000E+01  2.1666E+00  7.5729E+01  1.5006E+02  1.3978E+01  2.1666E+00  9.0741E+01  1.5006E+02  1.3205E+01  8.4865E+00  3.9208E-01  4.4280E-01  0.0000E+00  3.1761E-01  0.0000E+00  0.0000E+00
  1.5000E+01  2.1666E+00  7.5729E+01  1.5006E+02  1.3978E+01  2.1666E+00  9.0741E+01  1.5006E+02  1.3205E+01  8.4865E+00  3.5174E-01  4.1708E-01  0.0000E+00  2.8541E-01  0.0000E+00  0.0000E+00
  1.6000E+01  2.1666E+00  7.5729E+01  1.5006E+02  1.3978E+01  2.1666E+00  9.0741E+01  1.5006E+02  1.3205E+01  8.4865E+00  3.1922E-01  3.7616E-01  0.0000E+00  2.6028E-01  0.0000E+00  0.0000E+00
  1.7000E+01  2.1666E+00  7.5729E+01  1.5006E+02  1.3978E+01  2.1666E+00  9.0741E+01  1.5006E+02  1.3205E+01  8.4865E+00  2.9275E-01  1.7880E-01  0.0000E+00  2.4034E-01  0.0000E+00  0.0000E+00
  1.8000E+01  2.1666E+00  7.5729E+01  1.5006E+02  1.3978E+01  2.1666E+00  9.0741E+01  1.5006E+02  1.3205E+01  8.4865E+00  2.7097E-01  4.0259E-01  0.0000E+00  2.2423E-01  0.0000E+00  0.0000E+00
  1.9000E+01  2.1666E+00  7.5729E+01  1.5006E+02  1.3978E+01  2.1666E+00  9.0741E+01  1.5006E+02  1.3205E+01  8.4865E+00  2.5284E-01  3.2128E-01  0.0000E+00  2.1094E-01  0.0000E+00  0.0000E+00
  2.0000E+01  2.1666E+00  7.5729E+01  1.5006E+02  1.3978E+01  2.1666E+00  9.0741E+01  1.5006E+02  1.3205E+01  8.4865E+00  2.3754E-01  2.5127E-01  0.0000E+00  1.9975E-01  0.0000E+00  0.0000E+00
  2.1000E+01  2.1666E+00  7.5729E+01  1.5006E+02  1.3978E+01  2.1666E+00  9.0741E+01  1.5006E+02  1.3205E+01  8.4865E+00  2.2447E-01  1.9798E-01  0.0000E+00  1.9013E-01  0.0000E+00  0.0000E+00
  2.2000E+01  2.1666E+00  7.5729E+01  1.5006E+02  1.3978E+01  2.1666E+00  9.0741E+01  1.5006E+02  1.3205E+01  8.4865E+00  2.1314E-01  8.9072E-02  0.0000E+00  1.8171E-01  0.0000E+00  0.0000E+00
  2.3000E+01  2.1666E+00  7.5729E+01  1.5006E+02  1.3978E+01  2.1666E+00  9.0741E+01  1.5006E+02  1.3205E+01  8.4865E+00  2.0320E-01  2.2049E-01  0.0000E+00  1.7419E-01  0.0000E+00  0.0000E+00
  2.4000E+01  2.1666E+00  7.5729E+01  1.5006E+02  1.3978E+01  2.1666E+00  9.0741E+01  1.5006E+02  1.3205E+01  8.4865E+00  1.9435E-01  2.4238E-01  0.0000E+00  1.6739E-01  0.0000E+00  0.0000E+00
  2.5000E+01  2.1666E+00  7.5729E+01  1.5006E+02  1.3978E+01  2.1666E+00  9.0741E+01  1.5006E+02  1.3205E+01  8.4865E+00  1.8639E-01  2.1880E-01  0.0000E+00  1.6113E-01  0.0000E+00  0.0000E+00
  2.6000E+01  2.1666E+00  7.5729E+01  1.5006E+02  1.3978E+01  2.1666E+00  9.0741E+01  1.5006E+02  1.3205E+01  8.4865E+00  1.7913E-01  1.9836E-01  0.0000E+00  1.5532E-01  0.0000E+00  0.0000E+00
  2.7000E+01  2.1666E+00  7.5729E+01  1.5006E+02  1.3978E+01  2.1666E+00  9.0741E+01  1.5006E+02  1.3205E+01  8.4865E+00  1.7913E-01  2.0162E-01  0.0000E+00  1.5532E-01  0.0000E+00  0.0000E+00
  2.8000E+01  2.1666E+00  7.5729E+01  1.5006E+02  1.3978E+01  2.1666E+00  9.0741E+01  1.5006E+02  1.3205E+01  8.4865E+00  1.4243E+00  2.2243E+00  0.0000E+00  1.5952E+00  0.0000E+00  0.0000E+00
  2.9000E+01  2.1666E+00  7.5729E+01  1.5006E+02  1.3978E+01  2.1666E+00  9.0741E+01  1.5006E+02  1.3205E+01  8.4865E+00  1.3021E+00  1.7371E+00  0.0000E+00  1.3938E+00  0.0000E+00  0.0000E+00
  3.0000E+01  2.1666E+00  7.5729E+01  1.5006E+02  1.3978E+01  2.1666E+00  9.0741E+01  1.5006E+02  1.3205E+01  8.4865E+00  1.0830E+00  1.0712E+00  0.0000E+00  1.1028E+00  0.0000E+00  0.0000E+00
  3.1000E+01  2.1666E+00  7.5729E+01  1.5006E+02  1.3978E+01  2.1666E+00  9.0741E+01  1.5006E+02  1.3205E+01  8.4865E+00  8.9855E-01  1.2572E+00  0.0000E+00  8.7289E-01  0.0000E+00  0.0000E+00
  3.2000E+01  2.1666E+00  7.5729E+01  1.5006E+02  1.3978E+01  2.1666E+00  9.0741E+01  1.5006E+02  1.3205E+01  8.4865E+00  7.5337E-01  6.2011E-01  0.0000E+00  7.0194E-01  0.0000E+00  0.0000E+00
  3.3000E+01  2.1666E+00  7.5729E+01  1.5006E+02  1.3978E+01  2.1666E+00  9.0741E+01  1.5006E+02  1.3205E+01  8.4865E+00  6.3980E-01  1.5648E-01  0.0000E+00  5.7549E-01  0.0000E+00  0.0000E+00
  3.4000E+01  2.1666E+00  7.5729E+01  1.5006E+02  1.3978E+01  2.1666E+00  9.0741E+01  1.5006E+02  1.3205E+01  8.4865E+00  5.5072E-01  7.1601E-01  0.0000E+00  4.8158E-01  0.0000E+00  0.0000E+00
  3.5000E+01  2.1666E+00  7.5729E+01  1.5006E+02  1.3978E+01  2.1666E+00  9.0741E+01  1.5006E+02  1.3205E+01  8.4865E+00  4.8051E-01  4.8171E-01  0.0000E+00  4.1138E-01  0.0000E+00  0.0000E+00
  3.6000E+01  2.1666E+00  7.5729E+01  1.5006E+02  1.3978E+01  2.1666E+00  9.0741E+01  1.5006E+02  1.3205E+01  8.4865E+00  4.2485E-01  2.8460E-01  0.0000E+00  3.5846E-01  0.0000E+00  0.0000E+00
  3.7000E+01  2.1666E+00  7.5729E+01  1.5006E+02  1.3978E+01  2.1666E+00  9.0741E+01  1.5006E+02  1.3205E+01  8.4865E+00  3.8041E-01  3.8729E-01  0.0000E+00  3.1813E-01  0.0000E+00  0.0000E+00
  3.8000E+01  2.1666E+00  7.5729E+01  1.5006E+02  1.3978E+01  2.1666E+00  9.0741E+01  1.5006E+02  1.3205E+01  8.4865E+00  3.4463E-01  3.2295E-01  0.0000E+00  2.8701E-01  0.0000E+00  0.0000E+00
  3.9000E+01  2.1666E+00  7.5729E+01  1.5006E+02  1.3978E+01  2.1666E+00  9.0741E+01  1.5006E+02  1.3205E+01  8.4865E+00  3.1556E-01  3.6029E-01  0.0000E+00  2.6263E-01  0.0000E+00  0.0000E+00
  4.0000E+01  2.1666E+00  7.5729E+01  1.5006E+02  1.3978E+01  2.1666E+00  9.0741E+01  1.5006E+02  1.3205E+01  8.4865E+00  2.9168E-01  1.8767E-01  0.0000E+00  2.4319E-01  0.0000E+00  0.0000E+00
  4.1000E+01  2.1666E+00  7.5729E+01  1.5006E+02  1.3978E+01  2.1666E+00  9.0741E+01  1.5006E+02  1.3205E+01  8.4865E+00  2.7183E-01  4.5712E-01  0.0000E+00  2.2740E-01  0.0000E+00  0.0000E+00
  4.2000E+01  2.1666E+00  7.5729E+01  1.5006E+02  1.3978E+01  2.1666E+00  9.0741E+01  1.5006E+02  1.3205E+01  8.4865E+00  2.5513E-01  2.2592E-01  0.0000E+00  2.1431E-01  0.0000E+00  0.0000E+00
  4.3000E+01  2.1666E+00  7.5729E+01  1.5006E+02  1.3978E+01  2.1666E+00  9.0741E+01  1.5006E+02  1.3205E+01  8.4865E+00  2.4088E-01  1.4390E-01  0.0000E+00  2.0323E-01  0.0000E+00  0.0000E+00
  4.4000E+01  2.1666E+00  7.5729E+01  1.5006E+02  1.3978E+01  2.1666E+00  9.0741E+01  1.5006E+02  1.3205E+01  8.4865E+00  2.2857E-01  1.7983E-01  0.0000E+00  1.9367E-01  0.0000E+00  0.0000E+00
  4.5000E+01  2.1666E+00  7.5729E+01  1.5006E+02  1.3978E+01  2.1666E+00  9.0741E+01  1.5006E+02  1.3205E+01  8.4865E+00  2.1778E-01  2.4415E-01  0.0000E+00  1.8525E-01  0.0000E+00  0.0000E+00
  4.6000E+01  2.1666E+00  7.5729E+01  1.5006E+02  1.3978E+01  2.1666E+00  9.0741E+01  1.5006E+02  1.3205E+01  8.4865E+00  2.0820E-01  3.2815E-01  0.0000E+00  1.7770E-01  0.0000E+00  0.0000E+00
  4.7000E+01  2.1666E+00  7.5729E+01  1.5006E+02  1.3978E+01  2.1666E+00  9.0741E+01  1.5006E+02  1.3205E+01  8.4865E+00  1.9959E-01  2.2926E-01  0.0000E+00  1.7084E-01  0.0000E+00  0.0000E+00
  4.8000E+01  2.1666E+00  7.5729E+01  1.5006E+02  1.3978E+01  2.1666E+00  9.0741E+01  1.5006E+02  1.3205E+01  8.4865E+00  1.9176E-01  2.2499E-01  0.0000E+00  1.6452E-01  0.0000E+00  0.0000E+00
  4.9000E+01  2.1666E+00  7.5729E+01  1.5006E+02  1.3978E+01  2.1666E+00  9.0741E+01  1.5006E+02  1.3205E+01  8.4865E+00  1.8457E-01  2.2013E-01  0.0000E+00  1.5864E-01  0.0000E+00  0.0000E+00
  5.0000E+01  2.1666E+00  7.5729E+01  1.5006E+02  1.3978E+01  2.1666E+00  9.0741E+01  1.5006E+02  1.3205E+01  8.4865E+00  1.7790E-01  1.7708E-01  0.0000E+00  1.5311E-01  0.0000E+00  0.0000E+00
  5.1000E+01  2.1666E+00  7.5729E+01  1.5006E+02  1.3978E+01  2.1666E+00  9.0741E+01  1.5006E+02  1.3205E+01  8.4865E+00  1.7168E-01  1.3234E-01  0.0000E+00  1.4788E-01  0.0000E+00  0.0000E+00
  5.2000E+01  2.1666E+00  7.5729E+01  1.5006E+02  1.3978E+01  2.1666E+00  9.0741E+01  1.5006E+02  1.3205E+01  8.4865E+00  1.4177E+00  1.7143E+00  0.0000E+00  1.5882E+00  0.0000E+00  0.0000E+00
  5.3000E+01  2.1666E+00  7.5729E+01  1.5006E+02  1.3978E+01  2.1666E+00  9.0741E+01  1.5006E+02  1.3205E+01  8.4865E+00  1.2962E+00  1.1674E+00  0.0000E+00  1.3873E+00  0.0000E+00  0.0000E+00
  5.4000E+01  2.1666E+00  7.5729E+01  1.5006E+02  1.3978E+01  2.1666E+00  9.0741E+01  1.5006E+02  1.3205E+01  8.4865E+00  1.0775E+00  1.6147E+00  0.0000E+00  1.0965E+00  0.0000E+00  0.0000E+00
  5.5000E+01  2.1666E+00  7.5729E+01  1.5006E+02  1.3978E+01  2.1666E+00  9.0741E+01  1.5006E+02  1.3205E+01  8.4865E+00  8.9354E-01  9.3781E-01  0.0000E+00  8.6694E-01  0.0000E+00  0.0000E+00
  5.6000E+01  2.1666E+00  7.5729E+01  1.5006E+02  1.3978E+01  2.1666E+00  9.0741E+01  1.5006E+02  1.3205E+01  8.4865E+00  7.4872E-01  3.5786E-01  0.0000E+00  6.9625E-01  0.0000E+00  0.0000E+00
  5.7000E+01  2.1666E+00  7.5729E+01  1.5006E+02  1.3978E+01  2.1666E+00  9.0741E+01  1.5006E+02  1.3205E+01  8.4865E+00  6.3545E-01  3.7858E-01  0.0000E+00  5.7002E-01  0.0000E+00  0.0000E+00
  5.8000E+01  2.1666E+00  7.5729E+01  1.5006E+02  1.3978E+01  2.1666E+00  9.0741E+01  1.5006E+02  1.3205E+01  8.4865E+00  5.4662E-01  3.3145E-01  0.0000E+00  4.7632E-01  0.0000E+00  0.0000E+00
  5.9000E+01  2.1666E+00  7.5729E+01  1.5006E+02  1.3978E+01  2.1666E+00  9.0741E+01  1.5006E+02  1.3205E+01  8.4865E+00  4.7663E-01  3.9222E-01  0.0000E+00  4.0632E-01  0.0000E+00  0.0000E+00
  6.0000E+01  2.1666E+00  7.5729E+01  1.5006E+02  1.3978E+01  2.1666E+00  9.0741E+01  1.5006E+02  1.3205E+01  8.4865E+00  4.2116E-01  3.7464E-01  0.0000E+00  3.5357E-01  0.0000E+00  0.0000E+00
  6.1000E+01  2.1666E+00  7.5729E+01  1.5006E+02  1.3978E+01  2.1666E+00  9.0741E+01  1.5006E+02  1.3205E+01  8.4865E+00  3.7688E-01  4.1745E-01  0.0000E+00  3.1342E-01  0.0000E+00  0.0000E+00
  6.2000E+01  2.1666E+00  7.5729E+01  1.5006E+02  1.3978E+01  2.1666E+00  9.0741E+01  1.5006E+02  1.3205E+01  8.4865E+00  3.4126E-01  2.1372E-01  0.0000E+00  2.8246E-01  0.0000E+00  0.0000E+00
  6.3000E+01  2.1666E+00  7.5729E+01  1.5006E+02  1.3978E+01  2.1666E+00  9.0741E+01  1.5006E+02  1.3205E+01  8.4865E+00  3.1232E-01  2.5742E-01  0.0000E+00  2.5823E-01  0.0000E+00  0.0000E+00
  6.4000E+01  2.1666E+00  7.5729E+01  1.5006E+02  1.3978E+01  2.1666E+00  9.0741E+01  1.5006E+02  1.3205E+01  8.4865E+00  2.8856E-01  8.1845E-02  0.0000E+00  2.3894E-01  0.0000E+00  0.0000E+00
  6.5000E+01  2.1666E+00  7.5729E+01  1.5006E+02  1.3978E+01  2.1666E+00  9.0741E+01  1.5006E+02  1.3205E+01  8.4865E+00  2.6883E-01  1.8547E-01  0.0000E+00  2.2329E-01  0.0000E+00  0.0000E+00
  6.6000E+01  2.1666E+00  7.5729E+01  1.5006E+02  1.3978E+01  2.1666E+00  9.0741E+01  1.5006E+02  1.3205E+01  8.4865E+00  2.5223E-01  2.9725E-01  0.0000E+00  2.1033E-01  0.0000E+00  0.0000E+00
  6.7000E+01  2.1666E+00  7.5729E+01  1.5006E+02  1.3978E+01  2.1666E+00  9.0741E+01  1.5006E+02  1.3205E+01  8.4865E+00  2.3809E-01  2.1898E-01  0.0000E+00  1.9938E-01  0.0000E+00  0.0000E+00
  6.8000E+01  2.1666E+00  7.5729E+01  1.5006E+02  1.3978E+01  2.1666E+00  9.0741E+01  1.5006E+02  1.3205E+01  8.4865E+00  2.2587E-01  2.5508E-01  0.0000E+00  1.8994E-01  0.0000E+00  0.0000E+00
  6.9000E+01  2.1666E+00  7.5729E+01  1.5006E+02  1.3978E+01  2.1666E+00  9.0741E+01  1.5006E+02  1.3205E+01  8.4865E+00  2.1517E-01  2.5048E-01  0.0000E+00  1.8164E-01  0.0000E+00  0.0000E+00
  7.0000E+01  2.1666E+00  7.5729E+01  1.5006E+02  1.3978E+01  2.1666E+00  9.0741E+01  1.5006E+02  1.3205E+01  8.4865E+00  2.0567E-01  2.1261E-01  0.0000E+00  1.7421E-01  0.0000E+00  0.0000E+00
  7.1000E+01  2.1666E+00  7.5729E+01  1.5006E+02  1.3978E+01  2.1666E+00  9.0741E+01  1.5006E+02  1.3205E+01  8.4865E+00  1.9714E-01  1.9506E-01  0.0000E+00  1.6746E-01  0.0000E+00  0.0000E+00
  7.2000E+01  2.1666E+00  7.5729E+01  1.5006E+02  1.3978E+01  2.1666E+00  9.0741E+01  1.5006E+02  1.3205E+01  8.4865E+00  1.8939E-01  1.7388E-01  0.0000E+00  1.6125E-01  0.0000E+00  0.0000E+00
  7.3000E+01  2.1666E+00  7.5729E+01  1.5006E+02  1.3978E+01  2.1666E+00  9.0741E+01  1.5006E+02  1.3205E+01  8.4865E+00  1.8228E-01  1.8291E-01  0.0000E+00  1.5547E-01  0.0000E+00  0.0000E+00
  7.4000E+01  2.1666E+00  7.5729E+01  1.5006E+02  1.3978E+01  2.1666E+00  9.0741E+01  1.5006E+02  1.3205E+01  8.4865E+00  1.7569E-01  1.4172E-01  0.0000E+00  1.5005E-01  0.0000E+00  0.0000E+00
  7.5000E+01  2.1666E+00  7.5729E+01  1.5006E+02  1.3978E+01  2.1666E+00  9.0741E+01  1.5006E+02  1.3205E+01  8.4865E+00  1.6953E-01  1.9920E-01  0.0000E+00  1.4492E-01  0.0000E+00  0.0000E+00
  7.6000E+01  2.1666E+00  7.5729E+01  1.5006E+02  1.3978E+01  2.1666E+00  9.0741E+01  1.5006E+02  1.3205E+01  8.4865E+00  1.4156E+00  1.8269E+00  0.0000E+00  1.5854E+00  0.0000E+00  0.0000E+00
  7.7000E+01  2.1666E+00  7.5729E+01  1.5006E+02  1.3978E+01  2.1666E+00  9.0741E+01  1.5006E+02  1.3205E+01  8.4865E+00  1.2941E+00  1.7482E+00  0.0000E+00  1.3845E+00  0.0000E+00  0.0000E+00
  7.8000E+01  2.1666E+00  7.5729E+01  1.5006E+02  1.3978E+01  2.1666E+00  9.0741E+01  1.5006E+02  1.3205E+01  8.4865E+00  1.0756E+00  6.2765E-01  0.0000E+00  1.0938E+00  0.0000E+00  0.0000E+00
  7.9000E+01  2.1666E+00  7.5729E+01  1.5006E+02  1.3978E+01  2.1666E+00  9.0741E+01  1.5006E+02  1.3205E+01  8.4865E+00  8.9164E-01  9.6629E-01  0.0000E+00  8.6434E-01  0.0000E+00  0.0000E+00
  8.0000E+01  2.1666E+00  7.5729E+01  1.5006E+02  1.3978E+01  2.1666E+00  9.0741E+01  1.5006E+02  1.3205E+01  8.4865E+00  7.4688E-01  1.5327E-01  0.0000E+00  6.9373E-01  0.0000E+00  0.0000E+00
  8.1000E+01  2.1666E+00  7.5729E+01  1.5006E+02  1.3978E+01  2.1666E+00  9.0741E+01  1.5006E+02  1.3205E+01  8.4865E+00  6.3367E-01  8.8139E-01  0.0000E+00  5.6759E-01  0.0000E+00  0.0000E+00
  8.2000E+01  2.1666E+00  7.5729E+01  1.5006E+02  1.3978E+01  2.1666E+00  9.0741E+01  1.5006E+02  1.3205E+01  8.4865E+00  5.4489E-01  4.3854E-01  0.0000E+00  4.7397E-01  0.0000E+00  0.0000E+00
  8.3000E+01  2.1666E+00  7.5729E+01  1.5006E+02  1.3978E+01  2.1666E+00  9.0741E+01  1.5006E+02  1.3205E+01  8.4865E+00  4.7496E-01  6.8853E-01  0.0000E+00  4.0404E-01  0.0000E+00  0.0000E+00
  8.4000E+01  2.1666E+00  7.5729E+01  1.5006E+02  1.3978E+01  2.1666E+00  9.0741E+01  1.5006E+02  1.3205E+01  8.4865E+00  4.1954E-01  3.2409E-01  0.0000E+00  3.5136E-01  0.0000E+00  0.0000E+00
  8.5000E+01  2.1666E+00  7.5729E+01  1.5006E+02  1.3978E+01  2.1666E+00  9.0741E+01  1.5006E+02  1.3205E+01  8.4865E+00  3.7531E-01  3.4697E-01  0.0000E+00  3.1128E-01  0.0000E+00  0.0000E+00
  8.6000E+01  2.1666E+00  7.5729E+01  1.5006E+02  1.3978E+01  2.1666E+00  9.0741E+01  1.5006E+02  1.3205E+01  8.4865E+00  3.3973E-01  3.2854E-01  0.0000E+00  2.8038E-01  0.0000E+00  0.0000E+00
  8.7000E+01  2.1666E+00  7.5729E+01  1.5006E+02  1.3978E+01  2.1666E+00  9.0741E+01  1.5006E+02  1.3205E+01  8.4865E+00  3.1084E-01  2.1351E-01  0.0000E+00  2.5622E-01  0.0000E+00  0.0000E+00
  8.8000E+01  2.1666E+00  7.5729E+01  1.5006E+02  1.3978E+01  2.1666E+00  9.0741E+01  1.5006E+02  1.3205E+01  8.4865E+00  2.8713E-01  3.3278E-01  0.0000E+00  2.3699E-01  0.0000E+00  0.0000E+00
  8.9000E+01  2.1666E+00  7.5729E+01  1.5006E+02  1.3978E+01  2.1666E+00  9.0741E+01  1.5006E+02  1.3205E+01  8.4865E+00  2.6744E-01  3.0026E-01  0.0000E+00  2.2141E-01  0.0000E+00  0.0000E+00
  9.0000E+01  2.1666E+00  7.5729E+01  1.5006E+02  1.3978E+01  2.1666E+00  9.0741E+01  1.5006E+02  1.3205E+01  8.4865E+00  2.5089E-01  2.2524E-01  0.0000E+00  2.0851E-01  0.0000E+00  0.0000E+00
  9.1000E+01  2.1666E+00  7.5729E+01  1.5006E+02  1.3978E+01  2.1666E+00  9.0741E+01  1.5006E+02  1.3205E+01  8.4865E+00  2.3678E-01  2.4051E-01  0.0000E+00  1.9762E-01  0.0000E+00  0.0000E+00
  9.2000E+01  2.1666E+00  7.5729E+01  1.5006E+02  1.3978E+01  2.1666E+00  9.0741E+01  1.5006E+02  1.3205E+01  8.4865E+00  2.2460E-01  1.9477E-01  0.0000E+00  1.8824E-01  0.0000E+00  0.0000E+00
  9.3000E+01  2.1666E+00  7.5729E+01  1.5006E+02  1.3978E+01  2.1666E+00  9.0741E+01  1.5006E+02  1.3205E+01  8.4865E+00  2.1394E-01  2.2817E-01  0.0000E+00  1.7999E-01  0.0000E+00  0.0000E+00
  9.4000E+01  2.1666E+00  7.5729E+01  1.5006E+02  1.3978E+01  2.1666E+00  9.0741E+01  1.5006E+02  1.3205E+01  8.4865E+00  2.0448E-01  2.5535E-01  0.0000E+00  1.7262E-01  0.0000E+00  0.0000E+00
  9.5000E+01  2.1666E+00  7.5729E+01  1.5006E+02  1.3978E+01  2.1666E+00  9.0741E+01  1.5006E+02  1.3205E+01  8.4865E+00  1.9599E-01  2.6357E-01  0.0000E+00  1.6592E-01  0.0000E+00  0.0000E+00
  9.6000E+01  2.1666E+00  7.5729E+01  1.5006E+02  1.3978E+01  2.1666E+00  9.0741E+01  1.5006E+02  1.3205E+01  8.4865E+00  1.8828E-01  1.4987E-01  0.0000E+00  1.5976E-01  0.0000E+00  0.0000E+00
  9.7000E+01  2.1666E+00  7.5729E+01  1.5006E+02  1.3978E+01  2.1666E+00  9.0741E+01  1.5006E+02  1.3205E+01  8.4865E+00  1.8120E-01  2.8123E-01  0.0000E+00  1.5403E-01  0.0000E+00  0.0000E+00
  9.8000E+01  2.1666E+00  7.5729E+01  1.5006E+02  1.3978E+01  2.1666E+00  9.0741E+01  1.5006E+02  1.3205E+01  8.4865E+00  1.7464E-01  2.0342E-01  0.0000E+00  1.4865E-01  0.0000E+00  0.0000E+00
  9.9000E+01  2.1666E+00  7.5729E+01  1.5006E+02  1.3978E+01  2.1666E+00  9.0741E+01  1.5006E+02  1.3205E+01  8.4865E+00  1.6851E-01  1.2897E-01  0.0000E+00  1.4356E-01  0.0000E+00  0.0000E+00
  1.0000E+02  2.1666E+00  7.5729E+01  1.5006E+02  1.3978E+01  2.1666E+00  9.0741E+01  1.5006E+02  1.3205E+01  8.4865E+00  1.4146E+00  1.6679E+00  0.0000E+00  1.5841E+00  0.0000E+00  0.0000E+00
  1.0100E+02  2.1666E+00  7.5729E+01  1.5006E+02  1.3978E+01  2.1666E+00  9.0741E+01  1.5006E+02  1.3205E+01  8.4865E+00  1.2932E+00  1.3383E+00  0.0000E+00  1.3832E+00  0.0000E+00  0.0000E+00
  1.0200E+02  2.1666E+00  7.5729E+01  1.5006E+02  1.3978E+01  2.1666E+00  9.0741E+01  1.5006E+02  1.3205E+01  8.4865E+00  1.0746E+00  1.1059E+00  0.0000E+00  1.0926E+00  0.0000E+00  0.0000E+00
  1.0300E+02  2.1666E+00  7.5729E+01  1.5006E+02  1.3978E+01  2.1666E+00  9.0741E+01  1.5006E+02  1.3205E+01  8.4865E+00  8.9075E-01  7.6248E-01  0.0000E+00  8.6315E-01  0.0000E+00  0.0000E+00
  1.0400E+02  2.1666E+00  7.5729E+01  1.5006E+02  1.3978E+01  2.1666E+00  9.0741E+01  1.5006E+02  1.3205E+01  8.4865E+00  7.4601E-01  1.2186E+00  0.0000E+00  6.9258E-01  0.0000E+00  0.0000E+00
  1.0500E+02  2.1666E+00  7.5729E+01  1.5006E+02  1.3978E+01  2.1666E+00  9.0741E+01  1.5006E+02  1.3205E+01  8.4865E+00  6.3282E-01  9.1471E-01  0.0000E+00  5.6647E-01  0.0000E+00  0.0000E+00
  1.0600E+02  2.1666E+00  7.5729E+01  1.5006E+02  1.3978E+01  2.1666E+00  9.0741E+01  1.5006E+02  1.3205E+01  8.4865E+00  5.4408E-01  3.8019E-01  0.0000E+00  4.7289E-01  0.0000E+00  0.0000E+00
  1.0700E+02  2.1666E+00  7.5729E+01  1.5006E+02  1.3978E+01  2.1666E+00  9.0741E+01  1.5006E+02  1.3205E+01  8.4865E+00  4.7417E-01  5.3236E-01  0.0000E+00  4.0299E-01  0.0000E+00  0.0000E+00
  1.0800E+02  2.1666E+00  7.5729E+01  1.5006E+02  1.3978E+01  2.1666E+00  9.0741E+01  1.5006E+02  1.3205E+01  8.4865E+00  4.1877E-01  4.5303E-01  0.0000E+00  3.5035E-01  0.0000E+00  0.0000E+00
  1.0900E+02  2.1666E+00  7.5729E+01  1.5006E+02  1.3978E+01  2.1666E+00  9.0741E+01  1.5006E+02  1.3205E+01  8.4865E+00  3.7457E-01  2.8940E-01  0.0000E+00  3.1030E-01  0.0000E+00  0.0000E+00
  1.1000E+02  2.1666E+00  7.5729E+01  1.5006E+02  1.3978E+01  2.1666E+00  9.0741E+01  1.5006E+02  1.3205E+01  8.4865E+00  3.3901E-01  4.6408E-01  0.0000E+00  2.7944E-01  0.0000E+00  0.0000E+00
  1.1100E+02  2.1666E+00  7.5729E+01  1.5006E+02  1.3978E+01  2.1666E+00  9.0741E+01  1.5006E+02  1.3205E+01  8.4865E+00  3.1014E-01  1.6406E-01  0.0000E+00  2.5530E-01  0.0000E+00  0.0000E+00
  1.1200E+02  2.1666E+00  7.5729E+01  1.5006E+02  1.3978E+01  2.1666E+00  9.0741E+01  1.5006E+02  1.3205E+01  8.4865E+00  2.8645E-01  2.4981E-01  0.0000E+00  2.3611E-01  0.0000E+00  0.0000E+00
  1.1300E+02  2.1666E+00  7.5729E+01  1.5006E+02  1.3978E+01  2.1666E+00  9.0741E+01  1.5006E+02  1.3205E+01  8.4865E+00  2.6678E-01  2.6170E-01  0.0000E+00  2.2055E-01  0.0000E+00  0.0000E+00
  1.1400E+02  2.1666E+00  7.5729E+01  1.5006E+02  1.3978E+01  2.1666E+00  9.0741E+01  1.5006E+02  1.3205E+01  8.4865E+00  2.5025E-01  3.8137E-01  0.0000E+00  2.0768E-01  0.0000E+00  0.0000E+00
  1.1500E+02  2.1666E+00  7.5729E+01  1.5006E+02  1.3978E+01  2.1666E+00  9.0741E+01  1.5006E+02  1.3205E+01  8.4865E+00  2.3617E-01  1.9790E-01  0.0000E+00  1.9682E-01  0.0000E+00  0.0000E+00
  1.1600E+02  2.1666E+00  7.5729E+01  1.5006E+02  1.3978E+01  2.1666E+00  9.0741E+01  1.5006E+02  1.3205E+01  8.4865E+00  2.2401E-01  2.8272E-01  0.0000E+00  1.8746E-01  0.0000E+00  0.0000E+00
  1.1700E+02  2.1666E+00  7.5729E+01  1.5006E+02  1.3978E+01  2.1666E+00  9.0741E+01  1.5006E+02  1.3205E+01  8.4865E+00  2.1336E-01  1.3611E-01  0.0000E+00  1.7924E-01  0.0000E+00  0.0000E+00
  1.1800E+02  2.1666E+00  7.5729E+01  1.5006E+02  1.3978E+01  2.1666E+00  9.0741E+01  1.5006E+02  1.3205E+01  8.4865E+00  2.0392E-01  2.4747E-01  0.0000E+00  1.7189E-01  0.0000E+00  0.0000E+00
  1.1900E+02  2.1666E+00  7.5729E+01  1.5006E+02  1.3978E+01  2.1666E+00  9.0741E+01  1.5006E+02  1.3205E+01  8.4865E+00  1.9545E-01  2.4336E-01  0.0000E+00  1.6521E-01  0.0000E+00  0.0000E+00
  1.2000E+02  2.1666E+00  7.5729E+01  1.5006E+02  1.3978E+01  2.1666E+00  9.0741E+01  1.5006E+02  1.3205E+01  8.4865E+00  1.8775E-01  1.8082E-01  0.0000E+00  1.5907E-01  0.0000E+00  0.0000E+00
  1.2100E+02  2.1666E+00  7.5729E+01  1.5006E+02  1.3978E+01  2.1666E+00  9.0741E+01  1.5006E+02  1.3205E+01  8.4865E+00  1.8068E-01  9.0631E-02  0.0000E+00  1.5336E-01  0.0000E+00  0.0000E+00
  1.2200E+02  2.1666E+00  7.5729E+01  1.5006E+02  1.3978E+01  2.1666E+00  9.0741E+01  1.5006E+02  1.3205E+01  8.4865E+00  1.7414E-01  1.8391E-01  0.0000E+00  1.4800E-01  0.0000E+00  0.0000E+00
  1.2300E+02  2.1666E+00  7.5729E+01  1.5006E+02  1.3978E+01  2.1666E+00  9.0741E+01  1.5006E+02  1.3205E+01  8.4865E+00  1.6803E-01  1.0877E-01  0.0000E+00  1.4294E-01  0.0000E+00  0.0000E+00
  1.2400E+02  2.1666E+00  7.5729E+01  1.5006E+02  1.3978E+01  2.1666E+00  9.0741E+01  1.5006E+02  1.3205E+01  8.4865E+00  1.4141E+00  2.2412E+00  0.0000E+00  1.5835E+00  0.0000E+00  0.0000E+00
  1.2500E+02  2.1666E+00  7.5729E+01  1.5006E+02  1.3978E+01  2.1666E+00  9.0741E+01  1.5006E+02  1.3205E+01  8.4865E+00  1.2927E+00  1.3609E+00  0.0000E+00  1.3826E+00  0.0000E+00  0.0000E+00
  1.2600E+02  2.1666E+00  7.5729E+01  1.5006E+02  1.3978E+01  2.1666E+00  9.0741E+01  1.5006E+02  1.3205E+01  8.4865E+00  1.0742E+00  1.1008E+00  0.0000E+00  1.0920E+00  0.0000E+00  0.0000E+00
  1.2700E+02  2.1666E+00  7.5729E+01  1.5006E+02  1.3978E+01  2.1666E+00  9.0741E+01  1.5006E+02  1.3205E+01  8.4865E+00  8.9032E-01  1.0017E+00  0.0000E+00  8.6260E-01  0.0000E+00  0.0000E+00
  1.2800E+02  2.1666E+00  7.5729E+01  1.5006E+02  1.3978E+01  2.1666E+00  9.0741E+01  1.5006E+02  1.3205E+01  8.4865E+00  7.4560E-01  6.7110E-01  0.0000E+00  6.9205E-01  0.0000E+00  0.0000E+00
  1.2900E+02  2.1666E+00  7.5729E+01  1.5006E+02  1.3978E+01  2.1666E+00  9.0741E+01  1.5006E+02  1.3205E+01  8.4865E+00  6.3242E-01  7.4129E-01  0.0000E+00  5.6596E-01  0.0000E+00  0.0000E+00
  1.3000E+02  2.1666E+00  7.5729E+01  1.5006E+02  1.3978E+01  2.1666E+00  9.0741E+01  1.5006E+02  1.3205E+01  8.4865E+00  5.4369E-01  6.7916E-01  0.0000E+00  4.7239E-01  0.0000E+00  0.0000E+00
  1.3100E+02  2.1666E+00  7.5729E+01  1.5006E+02  1.3978E+01  2.1666E+00  9.0741E+01  1.5006E+02  1.3205E+01  8.4865E+00  4.7379E-01  2.9907E-01  0.0000E+00  4.0251E-01  0.0000E+00  0.0000E+00
  1.3200E+02  2.1666E+00  7.5729E+01  1.5006E+02  1.3978E+01  2.1666E+00  9.0741E+01  1.5006E+02  1.3205E+01  8.4865E+00  4.1841E-01  2.9990E-01  0.0000E+00  3.4989E-01  0.0000E+00  0.0000E+00
  1.3300E+02  2.1666E+00  7.5729E+01  1.5006E+02  1.3978E+01  2.1666E+00  9.0741E+01  1.5006E+02  1.3205E+01  8.4865E+00  3.7422E-01  4.6405E-01  0.0000E+00  3.0985E-01  0.0000E+00  0.0000E+00
  1.3400E+02  2.1666E+00  7.5729E+01  1.5006E+02  1.3978E+01  2.1666E+00  9.0741E+01  1.5006E+02  1.3205E+01  8.4865E+00  3.3867E-01  2.6678E-01  0.0000E+00  2.7900E-01  0.0000E+00  0.0000E+00
  1.3500E+02  2.1666E+00  7.5729E+01  1.5006E+02  1.3978E+01  2.1666E+00  9.0741E+01  1.5006E+02  1.3205E+01  8.4865E+00  3.0981E-01  3.7522E-01  0.0000E+00  2.5488E-01  0.0000E+00  0.0000E+00
  1.3600E+02  2.1666E+00  7.5729E+01  1.5006E+02  1.3978E+01  2.1666E+00  9.0741E+01  1.5006E+02  1.3205E+01  8.4865E+00  2.8613E-01  3.3949E-01  0.0000E+00  2.3570E-01  0.0000E+00  0.0000E+00
  1.3700E+02  2.1666E+00  7.5729E+01  1.5006E+02  1.3978E+01  2.1666E+00  9.0741E+01  1.5006E+02  1.3205E+01  8.4865E+00  2.6647E-01  3.0750E-01  0.0000E+00  2.2015E-01  0.0000E+00  0.0000E+00
  1.3800E+02  2.1666E+00  7.5729E+01  1.5006E+02  1.3978E+01  2.1666E+00  9.0741E+01  1.5006E+02  1.3205E+01  8.4865E+00  2.4995E-01  2.8638E-01  0.0000E+00  2.0730E-01  0.0000E+00  0.0000E+00
  1.3900E+02  2.1666E+00  7.5729E+01  1.5006E+02  1.3978E+01  2.1666E+00  9.0741E+01  1.5006E+02  1.3205E+01  8.4865E+00  2.3587E-01  1.3402E-01  0.0000E+00  1.9645E-01  0.0000E+00  0.0000E+00
  1.4000E+02  2.1666E+00  7.5729E+01  1.5006E+02  1.3978E+01  2.1666E+00  9.0741E+01  1.5006E+02  1.3205E+01  8.4865E+00  2.2372E-01  3.3229E-01  0.0000E+00  1.8710E-01  0.0000E+00  0.0000E+00
  1.4100E+02  2.1666E+00  7.5729E+01  1.5006E+02  1.3978E+01  2.1666E+00  9.0741E+01  1.5006E+02  1.3205E+01  8.4865E+00  2.1309E-01  2.4261E-01  0.0000E+00  1.7889E-01  0.0000E+00  0.0000E+00
  1.4200E+02  2.1666E+00  7.5729E+01  1.5006E+02  1.3978E+01  2.1666E+00  9.0741E+01  1.5006E+02  1.3205E+01  8.4865E+00  2.0366E-01  2.8872E-01  0.0000E+00  1.7155E-01  0.0000E+00  0.0000E+00
  1.4300E+02  2.1666E+00  7.5729E+01  1.5006E+02  1.3978E+01  2.1666E+00  9.0741E+01  1.5006E+02  1.3205E+01  8.4865E+00  1.9519E-01  1.6800E-01  0.0000E+00  1.6489E-01  0.0000E+00  0.0000E+00
  1.4400E+02  2.1666E+00  7.5729E+01  1.5006E+02  1.3978E+01  2.1666E+00  9.0741E+01  1.5006E+02  1.3205E+01  8.4865E+00  1.8750E-01  2.3792E-01  0.0000E+00  1.5876E-01  0.0000E+00  0.0000E+00
  1.4500E+02  2.1666E+00  7.5729E+01  1.5006E+02  1.3978E+01  2.1666E+00  9.0741E+01  1.5006E+02  1.3205E+01  8.4865E+00  1.8044E-01  1.9363E-01  0.0000E+00  1.5306E-01  0.0000E+00  0.0000E+00
  1.4600E+02  2.1666E+00  7.5729E+01  1.5006E+02  1.3978E+01  2.1666E+00  9.0741E+01  1.5006E+02  1.3205E+01  8.4865E+00  1.7390E-01  2.3958E-01  0.0000E+00  1.4771E-01  0.0000E+00  0.0000E+00
  1.4700E+02  2.1666E+00  7.5729E+01  1.5006E+02  1.3978E+01  2.1666E+00  9.0741E+01  1.5006E+02  1.3205E+01  8.4865E+00  1.6780E-01  1.8407E-01  0.0000E+00  1.4266E-01  0.0000E+00  0.0000E+00
  1.4800E+02  2.1666E+00  7.5729E+01  1.5006E+02  1.3978E+01  2.1666E+00  9.0741E+01  1.5006E+02  1.3205E+01  8.4865E+00  1.4139E+00  1.1250E+00  0.0000E+00  1.5832E+00  0.0000E+00  0.0000E+00
  1.4900E+02  2.1666E+00  7.5729E+01  1.5006E+02  1.3978E+01  2.1666E+00  9.0741E+01  1.5006E+02  1.3205E+01  8.4865E+00  1.2925E+00  1.7901E+00  0.0000E+00  1.3824E+00  0.0000E+00  0.0000E+00
  1.5000E+02  2.1666E+00  7.5729E+01  1.5006E+02  1.3978E+01  2.1666E+00  9.0741E+01  1.5006E+02  1.3205E+01  8.4865E+00  1.0740E+00  1.3671E+00  0.0000E+00  1.0918E+00  0.0000E+00  0.0000E+00
  1.5100E+02  2.1666E+00  7.5729E+01  1.5006E+02  1.3978E+01  2.1666E+00  9.0741E+01  1.5006E+02  1.3205E+01  8.4865E+00  8.9012E-01  1.1488E+00  0.0000E+00  8.6235E-01  0.0000E+00  0.0000E+00
  1.5200E+02  2.1666E+00  7.5729E+01  1.5006E+02  1.3978E+01  2.1666E+00  9.0741E+01  1.5006E+02  1.3205E+01  8.4865E+00  7.4540E-01  7.4015E-01  0.0000E+00  6.9181E-01  0.0000E+00  0.0000E+00
  1.5300E+02  2.1666E+00  7.5729E+01  1.5006E+02  1.3978E+01  2.1666E+00  9.0741E+01  1.5006E+02  1.3205E+01  8.4865E+00  6.3223E-01  5.5879E-01  0.0000E+00  5.6572E-01  0.0000E+00  0.0000E+00
  1.5400E+02  2.1666E+00  7.5729E+01  1.5006E+02  1.3978E+01  2.1666E+00  9.0741E+01  1.5006E+02  1.3205E+01  8.4865E+00  5.4351E-01  5.0608E-01  0.0000E+00  4.7216E-01  0.0000E+00  0.0000E+00
  1.5500E+02  2.1666E+00  7.5729E+01  1.5006E+02  1.3978E+01  2.1666E+00  9.0741E+01  1.5006E+02  1.3205E+01  8.4865E+00  4.7361E-01  4.6327E-01  0.0000E+00  4.0229E-01  0.0000E+00  0.0000E+00
  1.5600E+02  2.1666E+00  7.5729E+01  1.5006E+02  1.3978E+01  2.1666E+00  9.0741E+01  1.5006E+02  1.3205E+01  8.4865E+00  4.1823E-01  3.2846E-01  0.0000E+00  3.4968E-01  0.0000E+00  0.0000E+00
  1.5700E+02  2.1666E+00  7.5729E+01  1.5006E+02  1.3978E+01  2.1666E+00  9.0741E+01  1.5006E+02  1.3205E+01  8.4865E+00  3.7405E-01  1.8476E-01  0.0000E+00  3.0964E-01  0.0000E+00  0.0000E+00
  1.5800E+02  2.1666E+00  7.5729E+01  1.5006E+02  1.3978E+01  2.1666E+00  9.0741E+01  1.5006E+02  1.3205E+01  8.4865E+00  3.3851E-01  3.1400E-01  0.0000E+00  2.7880E-01  0.0000E+00  0.0000E+00
  1.5900E+02  2.1666E+00  7.5729E+01  1.5006E+02  1.3978E+01  2.1666E+00  9.0741E+01  1.5006E+02  1.3205E+01  8.4865E+00  3.0965E-01  2.9199E-01  0.0000E+00  2.5469E-01  0.0000E+00  0.0000E+00
  1.6000E+02  2.1666E+00  7.5729E+01  1.5006E+02  1.3978E+01  2.1666E+00  9.0741E+01  1.5006E+02  1.3205E+01  8.4865E+00  2.8598E-01  1.8325E-01  0.0000E+00  2.3551E-01  0.0000E+00  0.0000E+00
  1.6100E+02  2.1666E+00  7.5729E+01  1.5006E+02  1.3978E+01  2.1666E+00  9.0741E+01  1.5006E+02  1.3205E+01  8.4865E+00  2.6633E-01  3.7956E-01  0.0000E+00  2.1997E-01  0.0000E+00  0.0000E+00
  1.6200E+02  2.1666E+00  7.5729E+01  1.5006E+02  1.3978E+01  2.1666E+00  9.0741E+01  1.5006E+02  1.3205E+01  8.4865E+00  2.4981E-01  2.0993E-01  0.0000E+00  2.0713E-01  0.0000E+00  0.0000E+00
  1.6300E+02  2.1666E+00  7.5729E+01  1.5006E+02  1.3978E+01  2.1666E+00  9.0741E+01  1.5006E+02  1.3205E+01  8.4865E+00  2.3574E-01  3.3147E-01  0.0000E+00  1.9628E-01  0.0000E+00  0.0000E+00
  1.6400E+02  2.1666E+00  7.5729E+01  1.5006E+02  1.3978E+01  2.1666E+00  9.0741E+01  1.5006E+02  1.3205E+01  8.4865E+00  2.2359E-01  2.8310E-01  0.0000E+00  1.8694E-01  0.0000E+00  0.0000E+00
  1.6500E+02  2.1666E+00  7.5729E+01  1.5006E+02  1.3978E+01  2.1666E+00  9.0741E+01  1.5006E+02  1.3205E+01  8.4865E+00  2.1296E-01  1.3582E-01  0.0000E+00  1.7873E-01  0.0000E+00  0.0000E+00
  1.6600E+02  2.1666E+00  7.5729E+01  1.5006E+02  1.3978E+01  2.1666E+00  9.0741E+01  1.5006E+02  1.3205E+01  8.4865E+00  2.0353E-01  2.3477E-01  0.0000E+00  1.7140E-01  0.0000E+00  0.0000E+00
  1.6700E+02  2.1666E+00  7.5729E+01  1.5006E+02  1.3978E+01  2.1666E+00  9.0741E+01  1.5006E+02  1.3205E+01  8.4865E+00  1.9507E-01  2.6402E-01  0.0000E+00  1.6474E-01  0.0000E+00  0.0000E+00
  1.6800E+02  2.1666E+00  7.5729E+01  1.5006E+02  1.3978E+01  2.1666E+00  9.0741E+01  1.5006E+02  1.3205E+01  8.4865E+00  1.8738E-01  1.4547E-01  0.0000E+00  1.5862E-01  0.0000E+00  0.0000E+00
  1.6900E+02  2.1666E+00  7.5729E+01  1.5006E+02  1.3978E+01  2.1666E+00  9.0741E+01  1.5006E+02  1.3205E+01  8.4865E+00  1.8033E-01  1.7337E-01  0.0000E+00  1.5292E-01  0.0000E+00  0.0000E+00
  1.7000E+02  2.1666E+00  7.5729E+01  1.5006E+02  1.3978E+01  2.1666E+00  9.0741E+01  1.5006E+02  1.3205E+01  8.4865E+00  1.7379E-01  1.8895E-01  0.0000E+00  1.4758E-01  0.0000E+00  0.0000E+00
  1.7100E+02  2.1666E+00  7.5729E+01  1.5006E+02  1.3978E+01  2.1666E+00  9.0741E+01  1.5006E+02  1.3205E+01  8.4865E+00  1.6770E-01  1.4390E-01  0.0000E+00  1.4252E-01  0.0000E+00  0.0000E+00
  1.7200E+02  5.4164E-01  7.5729E+01  1.5006E+02  1.3978E+01  5.4164E-01  7.0769E+01  1.5006E+02  2.5549E+01  8.4865E+00  0.0000E+00  0.0000E+00  0.0000E+00  0.0000E+00  0.0000E+00  0.0000E+00
  1.7300E+02  5.4164E-01  7.5729E+01  1.5006E+02  1.3978E+01  5.4164E-01  7.0769E+01  1.5006E+02  2.5549E+01  8.4865E+00  0.0000E+00  0.0000E+00  0.0000E+00  0.0000E+00  0.0000E+00  0.0000E+00
  1.7400E+02  5.4164E-01  7.5729E+01  1.5006E+02  1.3978E+01  5.4164E-01  7.0769E+01  1.5006E+02  2.5549E+01  8.4865E+00  1.3790E+00  1.1159E+00  0.0000E+00  1.4163E+00  0.0000E+00  0.0000E+00
  1.7500E+02  5.4164E-01  7.5729E+01  1.5006E+02  1.3978E+01  5.4164E-01  7.0769E+01  1.5006E+02  2.5549E+01  8.4865E+00  1.6624E+00  1.4271E+00  0.0000E+00  1.8846E+00  0.0000E+00  0.0000E+00
  1.7600E+02  5.4164E-01  7.5729E+01  1.5006E+02  1.3978E+01  5.4164E-01  7.0769E+01  1.5006E+02  2.5549E+01  8.4865E+00  1.5105E+00  1.4305E+00  0.0000E+00  1.8979E+00  0.0000E+00  0.0000E+00
  1.7700E+02  5.4164E-01  7.5729E+01  1.5006E+02  1.3978E+01  5.4164E-01  7.0769E+01  1.5006E+02  2.5549E+01  8.4865E+00  1.2285E+00  1.6924E+00  0.0000E+00  1.7166E+00  0.0000E+00  0.0000E+00
  1.7800E+02  5.4164E-01  7.5729E+01  1.5006E+02  1.3978E+01  5.4164E-01  7.0769E+01  1.5006E+02  2.5549E+01  8.4865E+00  9.4588E-01  6.9775E-01  0.0000E+00  1.4729E+00  0.0000E+00  0.0000E+00
  1.7900E+02  5.4164E-01  7.5729E+01  1.5006E+02  1.3978E+01  5.4164E-01  7.0769E+01  1.5006E+02  2.5549E+01  8.4865E+00  7.0849E-01  9.9040E-01  0.0000E+00  1.2299E+00  0.0000E+00  0.0000E+00
  1.8000E+02  5.4164E-01  7.5729E+01  1.5006E+02  1.3978E+01  5.4164E-01  7.0769E+01  1.5006E+02  2.5549E+01  8.4865E+00  5.2526E-01  4.3617E-01  0.0000E+00  1.0141E+00  0.0000E+00  0.0000E+00
  1.8100E+02  5.4164E-01  7.5729E+01  1.5006E+02  1.3978E+01  5.4164E-01  7.0769E+01  1.5006E+02  2.5549E+01  8.4865E+00  3.9053E-01  4.0424E-01  0.0000E+00  8.3369E-01  0.0000E+00  0.0000E+00
  1.8200E+02  5.4164E-01  7.5729E+01  1.5006E+02  1.3978E+01  5.4164E-01  7.0769E+01  1.5006E+02  2.5549E+01  8.4865E+00  2.9437E-01  2.8883E-01  0.0000E+00  6.8804E-01  0.0000E+00  0.0000E+00
  1.8300E+02  5.4164E-01  7.5729E+01  1.5006E+02  1.3978E+01  5.4164E-01  7.0769E+01  1.5006E+02  2.5549E+01  8.4865E+00  2.2697E-01  3.4900E-01  0.0000E+00  5.7293E-01  0.0000E+00  0.0000E+00
  1.8400E+02  5.4164E-01  7.5729E+01  1.5006E+02  1.3978E+01  5.4164E-01  7.0769E+01  1.5006E+02  2.5549E+01  8.4865E+00  1.8020E-01  1.9013E-01  0.0000E+00  4.8311E-01  0.0000E+00  0.0000E+00
  1.8500E+02  5.4164E-01  7.5729E+01  1.5006E+02  1.3978E+01  5.4164E-01  7.0769E+01  1.5006E+02  2.5549E+01  8.4865E+00  1.4781E-01  1.4554E-01  0.0000E+00  4.1349E-01  0.0000E+00  0.0000E+00
  1.8600E+02  5.4164E-01  7.5729E+01  1.5006E+02  1.3978E+01  5.4164E-01  7.0769E+01  1.5006E+02  2.5549E+01  8.4865E+00  1.2526E-01  1.2621E-01  0.0000E+00  3.5963E-01  0.0000E+00  0.0000E+00
  1.8700E+02  5.4164E-01  7.5729E+01  1.5006E+02  1.3978E+01  5.4164E-01  7.0769E+01  1.5006E+02  2.5549E+01  8.4865E+00  1.0936E-01  1.3378E-01  0.0000E+00  3.1786E-01  0.0000E+00  0.0000E+00
  1.8800E+02  5.4164E-01  7.5729E+01  1.5006E+02  1.3978E+01  5.4164E-01  7.0769E+01  1.5006E+02  2.5549E+01  8.4865E+00  9.7911E-02  9.5502E-02  0.0000E+00  2.8527E-01  0.0000E+00  0.0000E+00
  1.8900E+02  5.4164E-01  7.5729E+01  1.5006E+02  1.3978E+01  5.4164E-01  7.0769E+01  1.5006E+02  2.5549E+01  8.4865E+00  8.9422E-02  4.5511E-02  0.0000E+00  2.5961E-01  0.0000E+00  0.0000E+00
  1.9000E+02  5.4164E-01  7.5729E+01  1.5006E+02  1.3978E+01  5.4164E-01  7.0769E+01  1.5006E+02  2.5549E+01  8.4865E+00  8.2905E-02  5.4690E-02  0.0000E+00  2.3916E-01  0.0000E+00  0.0000E+00
  1.9100E+02  5.4164E-01  7.5729E+01  1.5006E+02  1.3978E+01  5.4164E-01  7.0769E+01  1.5006E+02  2.5549E+01  8.4865E+00  7.7704E-02  1.0335E-01  0.0000E+00  2.2260E-01  0.0000E+00  0.0000E+00
  1.9200E+02  5.4164E-01  7.5729E+01  1.5006E+02  1.3978E+01  5.4164E-01  7.0769E+01  1.5006E+02  2.5549E+01  8.4865E+00  7.3390E-02  5.2778E-02  0.0000E+00  2.0896E-01  0.0000E+00  0.0000E+00
  1.9300E+02  5.4164E-01  7.5729E+01  1.5006E+02  1.3978E+01  5.4164E-01  7.0769E+01  1.5006E+02  2.5549E+01  8.4865E+00  6.9683E-02  7.7976E-02  0.0000E+00  1.9751E-01  0.0000E+00  0.0000E+00
  1.9400E+02  5.4164E-01  7.5729E+01  1.5006E+02  1.3978E+01  5.4164E-01  7.0769E+01  1.5006E+02  2.5549E+01  8.4865E+00  6.6402E-02  5.2605E-02  0.0000E+00  1.8772E-01  0.0000E+00  0.0000E+00
  1.9500E+02  5.4164E-01  7.5729E+01  1.5006E+02  1.3978E+01  5.4164E-01  7.0769E+01  1.5006E+02  2.5549E+01  8.4865E+00  6.3429E-02  6.3645E-02  0.0000E+00  1.7918E-01  0.0000E+00  0.0000E+00
  1.9600E+02  5.4164E-01  7.5729E+01  1.5006E+02  1.3978E+01  5.4164E-01  7.0769E+01  1.5006E+02  2.5549E+01  8.4865E+00  6.0685E-02  7.4210E-02  0.0000E+00  1.7160E-01  0.0000E+00  0.0000E+00
  1.9700E+02  5.4164E-01  7.5729E+01  1.5006E+02  1.3978E+01  5.4164E-01  7.0769E+01  1.5006E+02  2.5549E+01  8.4865E+00  5.8123E-02  4.1366E-02  0.0000E+00  1.6477E-01  0.0000E+00  0.0000E+00
  1.9800E+02  5.4164E-01  7.5729E+01  1.5006E+02  1.3978E+01  5.4164E-01  7.0769E+01  1.5006E+02  2.5549E+01  8.4865E+00  5.8123E-02  4.0314E-02  0.0000E+00  1.6477E-01  0.0000E+00  0.0000E+00
  1.9900E+02  5.4164E-01  7.5729E+01  1.5006E+02  1.3978E+01  5.4164E-01  7.0769E+01  1.5006E+02  2.5549E+01  8.4865E+00  7.4520E-01  6.3823E-01  0.0000E+00  8.6665E-01  0.0000E+00  0.0000E+00
  2.0000E+02  5.4164E-01  7.5729E+01  1.5006E+02  1.3978E+01  5.4164E-01  7.0769E+01  1.5006E+02  2.5549E+01  8.4865E+00  8.8460E-01  1.3352E+00  0.0000E+00  1.0950E+00  0.0000E+00  0.0000E+00
  2.0100E+02  5.4164E-01  7.5729E+01  1.5006E+02  1.3978E+01  5.4164E-01  7.0769E+01  1.5006E+02  2.5549E+01  8.4865E+00  8.0648E-01  1.0578E+00  0.0000E+00  1.0963E+00  0.0000E+00  0.0000E+00
  2.0200E+02  5.4164E-01  7.5729E+01  1.5006E+02  1.3978E+01  5.4164E-01  7.0769E+01  1.5006E+02  2.5549E+01  8.4865E+00  6.6342E-01  4.9671E-01  0.0000E+00  1.0005E+00  0.0000E+00  0.0000E+00
  2.0300E+02  5.4164E-01  7.5729E+01  1.5006E+02  1.3978E+01  5.4164E-01  7.0769E+01  1.5006E+02  2.5549E+01  8.4865E+00  5.2010E-01  8.1906E-01  0.0000E+00  8.7386E-01  0.0000E+00  0.0000E+00
  2.0400E+02  5.4164E-01  7.5729E+01  1.5006E+02  1.3978E+01  5.4164E-01  7.0769E+01  1.5006E+02  2.5549E+01  8.4865E+00  3.9950E-01  4.6718E-01  0.0000E+00  7.4775E-01  0.0000E+00  0.0000E+00
  2.0500E+02  5.4164E-01  7.5729E+01  1.5006E+02  1.3978E+01  5.4164E-01  7.0769E+01  1.5006E+02  2.5549E+01  8.4865E+00  3.0606E-01  2.8180E-01  0.0000E+00  6.3547E-01  0.0000E+00  0.0000E+00
  2.0600E+02  5.4164E-01  7.5729E+01  1.5006E+02  1.3978E+01  5.4164E-01  7.0769E+01  1.5006E+02  2.5549E+01  8.4865E+00  2.3694E-01  1.7463E-01  0.0000E+00  5.4104E-01  0.0000E+00  0.0000E+00
  2.0700E+02  5.4164E-01  7.5729E+01  1.5006E+02  1.3978E+01  5.4164E-01  7.0769E+01  1.5006E+02  2.5549E+01  8.4865E+00  1.8717E-01  2.9007E-01  0.0000E+00  4.6416E-01  0.0000E+00  0.0000E+00
  2.0800E+02  5.4164E-01  7.5729E+01  1.5006E+02  1.3978E+01  5.4164E-01  7.0769E+01  1.5006E+02  2.5549E+01  8.4865E+00  1.5187E-01  1.1217E-01  0.0000E+00  4.0270E-01  0.0000E+00  0.0000E+00
  2.0900E+02  5.4164E-01  7.5729E+01  1.5006E+02  1.3978E+01  5.4164E-01  7.0769E+01  1.5006E+02  2.5549E+01  8.4865E+00  1.2693E-01  1.4940E-01  0.0000E+00  3.5403E-01  0.0000E+00  0.0000E+00
  2.1000E+02  5.4164E-01  7.5729E+01  1.5006E+02  1.3978E+01  5.4164E-01  7.0769E+01  1.5006E+02  2.5549E+01  8.4865E+00  1.0925E-01  1.1756E-01  0.0000E+00  3.1559E-01  0.0000E+00  0.0000E+00
  2.1100E+02  5.4164E-01  7.5729E+01  1.5006E+02  1.3978E+01  5.4164E-01  7.0769E+01  1.5006E+02  2.5549E+01  8.4865E+00  9.6554E-02  1.3195E-01  0.0000E+00  2.8515E-01  0.0000E+00  0.0000E+00
  2.1200E+02  5.4164E-01  7.5729E+01  1.5006E+02  1.3978E+01  5.4164E-01  7.0769E+01  1.5006E+02  2.5549E+01  8.4865E+00  8.7237E-02  7.4838E-02  0.0000E+00  2.6088E-01  0.0000E+00  0.0000E+00
  2.1300E+02  5.4164E-01  7.5729E+01  1.5006E+02  1.3978E+01  5.4164E-01  7.0769E+01  1.5006E+02  2.5549E+01  8.4865E+00  8.0199E-02  1.3143E-01  0.0000E+00  2.4131E-01  0.0000E+00  0.0000E+00
  2.1400E+02  5.4164E-01  7.5729E+01  1.5006E+02  1.3978E+01  5.4164E-01  7.0769E+01  1.5006E+02  2.5549E+01  8.4865E+00  7.4695E-02  7.7698E-02  0.0000E+00  2.2531E-01  0.0000E+00  0.0000E+00
  2.1500E+02  5.4164E-01  7.5729E+01  1.5006E+02  1.3978E+01  5.4164E-01  7.0769E+01  1.5006E+02  2.5549E+01  8.4865E+00  7.0228E-02  3.7582E-02  0.0000E+00  2.1202E-01  0.0000E+00  0.0000E+00
  2.1600E+02  5.4164E-01  7.5729E+01  1.5006E+02  1.3978E+01  5.4164E-01  7.0769E+01  1.5006E+02  2.5549E+01  8.4865E+00  6.6468E-02  8.1615E-02  0.0000E+00  2.0077E-01  0.0000E+00  0.0000E+00
  2.1700E+02  5.4164E-01  7.5729E+01  1.5006E+02  1.3978E+01  5.4164E-01  7.0769E+01  1.5006E+02  2.5549E+01  8.4865E+00  6.3198E-02  8.1084E-02  0.0000E+00  1.9108E-01  0.0000E+00  0.0000E+00
  2.1800E+02  5.4164E-01  7.5729E+01  1.5006E+02  1.3978E+01  5.4164E-01  7.0769E+01  1.5006E+02  2.5549E+01  8.4865E+00  6.0277E-02  5.6213E-02  0.0000E+00  1.8258E-01  0.0000E+00  0.0000E+00
  2.1900E+02  5.4164E-01  7.5729E+01  1.5006E+02  1.3978E+01  5.4164E-01  7.0769E+01  1.5006E+02  2.5549E+01  8.4865E+00  5.7611E-02  4.0967E-02  0.0000E+00  1.7500E-01  0.0000E+00  0.0000E+00
  2.2000E+02  5.4164E-01  7.5729E+01  1.5006E+02  1.3978E+01  5.4164E-01  7.0769E+01  1.5006E+02  2.5549E+01  8.4865E+00  5.5141E-02  6.6291E-02  0.0000E+00  1.6813E-01  0.0000E+00  0.0000E+00
  2.2100E+02  5.4164E-01  7.5729E+01  1.5006E+02  1.3978E+01  5.4164E-01  7.0769E+01  1.5006E+02  2.5549E+01  8.4865E+00  5.2825E-02  4.7224E-02  0.0000E+00  1.6183E-01  0.0000E+00  0.0000E+00
  2.2200E+02  5.4164E-01  7.5729E+01  1.5006E+02  1.3978E+01  5.4164E-01  7.0769E+01  1.5006E+02  2.5549E+01  8.4865E+00  5.0638E-02  5.6781E-02  0.0000E+00  1.5597E-01  0.0000E+00  0.0000E+00
  2.2300E+02  5.4164E-01  7.5729E+01  1.5006E+02  1.3978E+01  5.4164E-01  7.0769E+01  1.5006E+02  2.5549E+01  8.4865E+00  7.3806E-01  5.6608E-01  0.0000E+00  8.5862E-01  0.0000E+00  0.0000E+00
  2.2400E+02  5.4164E-01  7.5729E+01  1.5006E+02  1.3978E+01  5.4164E-01  7.0769E+01  1.5006E+02  2.5549E+01  8.4865E+00  8.7776E-01  8.1785E-01  0.0000E+00  1.0876E+00  0.0000E+00  0.0000E+00
  2.2500E+02  5.4164E-01  7.5729E+01  1.5006E+02  1.3978E+01  5.4164E-01  7.0769E+01  1.5006E+02  2.5549E+01  8.4865E+00  7.9994E-01  7.8035E-01  0.0000E+00  1.0894E+00  0.0000E+00  0.0000E+00
  2.2600E+02  5.4164E-01  7.5729E+01  1.5006E+02  1.3978E+01  5.4164E-01  7.0769E+01  1.5006E+02  2.5549E+01  8.4865E+00  6.5715E-01  9.5884E-01  0.0000E+00  9.9401E-01  0.0000E+00  0.0000E+00
  2.2700E+02  5.4164E-01  7.5729E+01  1.5006E+02  1.3978E+01  5.4164E-01  7.0769E+01  1.5006E+02  2.5549E+01  8.4865E+00  5.1409E-01  3.7227E-01  0.0000E+00  8.6769E-01  0.0000E+00  0.0000E+00
  2.2800E+02  5.4164E-01  7.5729E+01  1.5006E+02  1.3978E+01  5.4164E-01  7.0769E+01  1.5006E+02  2.5549E+01  8.4865E+00  3.9373E-01  4.5329E-01  0.0000E+00  7.4188E-01  0.0000E+00  0.0000E+00
  2.2900E+02  5.4164E-01  7.5729E+01  1.5006E+02  1.3978E+01  5.4164E-01  7.0769E+01  1.5006E+02  2.5549E+01  8.4865E+00  3.0052E-01  2.7096E-01  0.0000E+00  6.2985E-01  0.0000E+00  0.0000E+00
  2.3000E+02  5.4164E-01  7.5729E+01  1.5006E+02  1.3978E+01  5.4164E-01  7.0769E+01  1.5006E+02  2.5549E+01  8.4865E+00  2.3163E-01  3.2574E-01  0.0000E+00  5.3566E-01  0.0000E+00  0.0000E+00
  2.3100E+02  5.4164E-01  7.5729E+01  1.5006E+02  1.3978E+01  5.4164E-01  7.0769E+01  1.5006E+02  2.5549E+01  8.4865E+00  1.8208E-01  1.9704E-01  0.0000E+00  4.5899E-01  0.0000E+00  0.0000E+00
  2.3200E+02  5.4164E-01  7.5729E+01  1.5006E+02  1.3978E+01  5.4164E-01  7.0769E+01  1.5006E+02  2.5549E+01  8.4865E+00  1.4698E-01  2.1215E-01  0.0000E+00  3.9772E-01  0.0000E+00  0.0000E+00
  2.3300E+02  5.4164E-01  7.5729E+01  1.5006E+02  1.3978E+01  5.4164E-01  7.0769E+01  1.5006E+02  2.5549E+01  8.4865E+00  1.2224E-01  1.8984E-01  0.0000E+00  3.4923E-01  0.0000E+00  0.0000E+00
  2.3400E+02  5.4164E-01  7.5729E+01  1.5006E+02  1.3978E+01  5.4164E-01  7.0769E+01  1.5006E+02  2.5549E+01  8.4865E+00  1.0475E-01  1.3360E-01  0.0000E+00  3.1096E-01  0.0000E+00  0.0000E+00
  2.3500E+02  5.4164E-01  7.5729E+01  1.5006E+02  1.3978E+01  5.4164E-01  7.0769E+01  1.5006E+02  2.5549E+01  8.4865E+00  9.2233E-02  4.3209E-02  0.0000E+00  2.8068E-01  0.0000E+00  0.0000E+00
  2.3600E+02  5.4164E-01  7.5729E+01  1.5006E+02  1.3978E+01  5.4164E-01  7.0769E+01  1.5006E+02  2.5549E+01  8.4865E+00  8.3090E-02  7.8823E-02  0.0000E+00  2.5655E-01  0.0000E+00  0.0000E+00
  2.3700E+02  5.4164E-01  7.5729E+01  1.5006E+02  1.3978E+01  5.4164E-01  7.0769E+01  1.5006E+02  2.5549E+01  8.4865E+00  7.6219E-02  6.5637E-02  0.0000E+00  2.3713E-01  0.0000E+00  0.0000E+00
  2.3800E+02  5.4164E-01  7.5729E+01  1.5006E+02  1.3978E+01  5.4164E-01  7.0769E+01  1.5006E+02  2.5549E+01  8.4865E+00  7.0876E-02  5.4903E-02  0.0000E+00  2.2127E-01  0.0000E+00  0.0000E+00
  2.3900E+02  5.4164E-01  7.5729E+01  1.5006E+02  1.3978E+01  5.4164E-01  7.0769E+01  1.5006E+02  2.5549E+01  8.4865E+00  6.6563E-02  7.0329E-02  0.0000E+00  2.0811E-01  0.0000E+00  0.0000E+00
  2.4000E+02  5.4164E-01  7.5729E+01  1.5006E+02  1.3978E+01  5.4164E-01  7.0769E+01  1.5006E+02  2.5549E+01  8.4865E+00  6.2950E-02  7.2582E-02  0.0000E+00  1.9699E-01  0.0000E+00  0.0000E+00
  2.4100E+02  5.4164E-01  7.5729E+01  1.5006E+02  1.3978E+01  5.4164E-01  7.0769E+01  1.5006E+02  2.5549E+01  8.4865E+00  5.9822E-02  8.7489E-02  0.0000E+00  1.8742E-01  0.0000E+00  0.0000E+00
  2.4200E+02  5.4164E-01  7.5729E+01  1.5006E+02  1.3978E+01  5.4164E-01  7.0769E+01  1.5006E+02  2.5549E+01  8.4865E+00  5.7037E-02  4.1191E-02  0.0000E+00  1.7904E-01  0.0000E+00  0.0000E+00
  2.4300E+02  5.4164E-01  7.5729E+01  1.5006E+02  1.3978E+01  5.4164E-01  7.0769E+01  1.5006E+02  2.5549E+01  8.4865E+00  5.4502E-02  6.1402E-02  0.0000E+00  1.7157E-01  0.0000E+00  0.0000E+00
  2.4400E+02  5.4164E-01  7.5729E+01  1.5006E+02  1.3978E+01  5.4164E-01  7.0769E+01  1.5006E+02  2.5549E+01  8.4865E+00  5.2157E-02  5.6267E-02  0.0000E+00  1.6482E-01  0.0000E+00  0.0000E+00
  2.4500E+02  5.4164E-01  7.5729E+01  1.5006E+02  1.3978E+01  5.4164E-01  7.0769E+01  1.5006E+02  2.5549E+01  8.4865E+00  4.9961E-02  3.7414E-02  0.0000E+00  1.5862E-01  0.0000E+00  0.0000E+00
  2.4600E+02  5.4164E-01  7.5729E+01  1.5006E+02  1.3978E+01  5.4164E-01  7.0769E+01  1.5006E+02  2.5549E+01  8.4865E+00  4.7889E-02  6.2201E-02  0.0000E+00  1.5287E-01  0.0000E+00  0.0000E+00
  2.4700E+02  5.4164E-01  7.5729E+01  1.5006E+02  1.3978E+01  5.4164E-01  7.0769E+01  1.5006E+02  2.5549E+01  8.4865E+00  7.3542E-01  7.9972E-01  0.0000E+00  8.5561E-01  0.0000E+00  0.0000E+00
  2.4800E+02  5.4164E-01  7.5729E+01  1.5006E+02  1.3978E+01  5.4164E-01  7.0769E+01  1.5006E+02  2.5549E+01  8.4865E+00  8.7523E-01  4.8246E-01  0.0000E+00  1.0847E+00  0.0000E+00  0.0000E+00
  2.4900E+02  5.4164E-01  7.5729E+01  1.5006E+02  1.3978E+01  5.4164E-01  7.0769E+01  1.5006E+02  2.5549E+01  8.4865E+00  7.9751E-01  7.3459E-01  0.0000E+00  1.0865E+00  0.0000E+00  0.0000E+00
  2.5000E+02  5.4164E-01  7.5729E+01  1.5006E+02  1.3978E+01  5.4164E-01  7.0769E+01  1.5006E+02  2.5549E+01  8.4865E+00  6.5482E-01  3.7365E-01  0.0000E+00  9.9129E-01  0.0000E+00  0.0000E+00
  2.5100E+02  5.4164E-01  7.5729E+01  1.5006E+02  1.3978E+01  5.4164E-01  7.0769E+01  1.5006E+02  2.5549E+01  8.4865E+00  5.1185E-01  4.7663E-01  0.0000E+00  8.6505E-01  0.0000E+00  0.0000E+00
  2.5200E+02  5.4164E-01  7.5729E+01  1.5006E+02  1.3978E+01  5.4164E-01  7.0769E+01  1.5006E+02  2.5549E+01  8.4865E+00  3.9158E-01  3.7053E-01  0.0000E+00  7.3932E-01  0.0000E+00  0.0000E+00
  2.5300E+02  5.4164E-01  7.5729E+01  1.5006E+02  1.3978E+01  5.4164E-01  7.0769E+01  1.5006E+02  2.5549E+01  8.4865E+00  2.9846E-01  2.8759E-01  0.0000E+00  6.2738E-01  0.0000E+00  0.0000E+00
  2.5400E+02  5.4164E-01  7.5729E+01  1.5006E+02  1.3978E+01  5.4164E-01  7.0769E+01  1.5006E+02  2.5549E+01  8.4865E+00  2.2965E-01  3.0997E-01  0.0000E+00  5.3326E-01  0.0000E+00  0.0000E+00
  2.5500E+02  5.4164E-01  7.5729E+01  1.5006E+02  1.3978E+01  5.4164E-01  7.0769E+01  1.5006E+02  2.5549E+01  8.4865E+00  1.8018E-01  1.0366E-01  0.0000E+00  4.5667E-01  0.0000E+00  0.0000E+00
  2.5600E+02  5.4164E-01  7.5729E+01  1.5006E+02  1.3978E+01  5.4164E-01  7.0769E+01  1.5006E+02  2.5549E+01  8.4865E+00  1.4515E-01  1.9388E-01  0.0000E+00  3.9548E-01  0.0000E+00  0.0000E+00
  2.5700E+02  5.4164E-01  7.5729E+01  1.5006E+02  1.3978E+01  5.4164E-01  7.0769E+01  1.5006E+02  2.5549E+01  8.4865E+00  1.2049E-01  7.6019E-02  0.0000E+00  3.4706E-01  0.0000E+00  0.0000E+00
  2.5800E+02  5.4164E-01  7.5729E+01  1.5006E+02  1.3978E+01  5.4164E-01  7.0769E+01  1.5006E+02  2.5549E+01  8.4865E+00  1.0307E-01  9.3775E-02  0.0000E+00  3.0886E-01  0.0000E+00  0.0000E+00
  2.5900E+02  5.4164E-01  7.5729E+01  1.5006E+02  1.3978E+01  5.4164E-01  7.0769E+01  1.5006E+02  2.5549E+01  8.4865E+00  9.0623E-02  3.7472E-02  0.0000E+00  2.7864E-01  0.0000E+00  0.0000E+00
  2.6000E+02  5.4164E-01  7.5729E+01  1.5006E+02  1.3978E+01  5.4164E-01  7.0769E+01  1.5006E+02  2.5549E+01  8.4865E+00  8.1544E-02  6.6334E-02  0.0000E+00  2.5458E-01  0.0000E+00  0.0000E+00
  2.6100E+02  5.4164E-01  7.5729E+01  1.5006E+02  1.3978E+01  5.4164E-01  7.0769E+01  1.5006E+02  2.5549E+01  8.4865E+00  7.4736E-02  7.7622E-02  0.0000E+00  2.3522E-01  0.0000E+00  0.0000E+00
  2.6200E+02  5.4164E-01  7.5729E+01  1.5006E+02  1.3978E+01  5.4164E-01  7.0769E+01  1.5006E+02  2.5549E+01  8.4865E+00  6.9453E-02  7.6747E-02  0.0000E+00  2.1942E-01  0.0000E+00  0.0000E+00
  2.6300E+02  5.4164E-01  7.5729E+01  1.5006E+02  1.3978E+01  5.4164E-01  7.0769E+01  1.5006E+02  2.5549E+01  8.4865E+00  6.5197E-02  5.2399E-02  0.0000E+00  2.0632E-01  0.0000E+00  0.0000E+00
  2.6400E+02  5.4164E-01  7.5729E+01  1.5006E+02  1.3978E+01  5.4164E-01  7.0769E+01  1.5006E+02  2.5549E+01  8.4865E+00  6.1639E-02  8.3458E-02  0.0000E+00  1.9526E-01  0.0000E+00  0.0000E+00
  2.6500E+02  5.4164E-01  7.5729E+01  1.5006E+02  1.3978E+01  5.4164E-01  7.0769E+01  1.5006E+02  2.5549E+01  8.4865E+00  5.8564E-02  6.6509E-02  0.0000E+00  1.8575E-01  0.0000E+00  0.0000E+00
  2.6600E+02  5.4164E-01  7.5729E+01  1.5006E+02  1.3978E+01  5.4164E-01  7.0769E+01  1.5006E+02  2.5549E+01  8.4865E+00  5.5830E-02  5.2946E-02  0.0000E+00  1.7742E-01  0.0000E+00  0.0000E+00
  2.6700E+02  5.4164E-01  7.5729E+01  1.5006E+02  1.3978E+01  5.4164E-01  7.0769E+01  1.5006E+02  2.5549E+01  8.4865E+00  5.3343E-02  3.4712E-02  0.0000E+00  1.7001E-01  0.0000E+00  0.0000E+00
  2.6800E+02  5.4164E-01  7.5729E+01  1.5006E+02  1.3978E+01  5.4164E-01  7.0769E+01  1.5006E+02  2.5549E+01  8.4865E+00  5.1045E-02  4.6388E-02  0.0000E+00  1.6330E-01  0.0000E+00  0.0000E+00
  2.6900E+02  5.4164E-01  7.5729E+01  1.5006E+02  1.3978E+01  5.4164E-01  7.0769E+01  1.5006E+02  2.5549E+01  8.4865E+00  4.8894E-02  4.6832E-02  0.0000E+00  1.5715E-01  0.0000E+00  0.0000E+00
  2.7000E+02  5.4164E-01  7.5729E+01  1.5006E+02  1.3978E+01  5.4164E-01  7.0769E+01  1.5006E+02  2.5549E+01  8.4865E+00  4.6865E-02  5.0648E-02  0.0000E+00  1.5144E-01  0.0000E+00  0.0000E+00
  2.7100E+02  5.4164E-01  7.5729E+01  1.5006E+02  1.3978E+01  5.4164E-01  7.0769E+01  1.5006E+02  2.5549E+01  8.4865E+00  7.3444E-01  5.4935E-01  0.0000E+00  8.5424E-01  0.0000E+00  0.0000E+00
  2.7200E+02  5.4164E-01  7.5729E+01  1.5006E+02  1.3978E+01  5.4164E-01  7.0769E+01  1.5006E+02  2.5549E+01  8.4865E+00  8.7429E-01  8.9908E-01  0.0000E+00  1.0834E+00  0.0000E+00  0.0000E+00
  2.7300E+02  5.4164E-01  7.5729E+01  1.5006E+02  1.3978E+01  5.4164E-01  7.0769E+01  1.5006E+02  2.5549E+01  8.4865E+00  7.9660E-01  8.5193E-01  0.0000E+00  1.0853E+00  0.0000E+00  0.0000E+00
  2.7400E+02  5.4164E-01  7.5729E+01  1.5006E+02  1.3978E+01  5.4164E-01  7.0769E+01  1.5006E+02  2.5549E+01  8.4865E+00  6.5395E-01  7.9690E-01  0.0000E+00  9.9004E-01  0.0000E+00  0.0000E+00
  2.7500E+02  5.4164E-01  7.5729E+01  1.5006E+02  1.3978E+01  5.4164E-01  7.0769E+01  1.5006E+02  2.5549E+01  8.4865E+00  5.1101E-01  4.8426E-01  0.0000E+00  8.6384E-01  0.0000E+00  0.0000E+00
  2.7600E+02  5.4164E-01  7.5729E+01  1.5006E+02  1.3978E+01  5.4164E-01  7.0769E+01  1.5006E+02  2.5549E+01  8.4865E+00  3.9078E-01  4.6003E-01  0.0000E+00  7.3815E-01  0.0000E+00  0.0000E+00
  2.7700E+02  5.4164E-01  7.5729E+01  1.5006E+02  1.3978E+01  5.4164E-01  7.0769E+01  1.5006E+02  2.5549E+01  8.4865E+00  2.9769E-01  2.3010E-01  0.0000E+00  6.2625E-01  0.0000E+00  0.0000E+00
  2.7800E+02  5.4164E-01  7.5729E+01  1.5006E+02  1.3978E+01  5.4164E-01  7.0769E+01  1.5006E+02  2.5549E+01  8.4865E+00  2.2891E-01  2.6605E-01  0.0000E+00  5.3217E-01  0.0000E+00  0.0000E+00
  2.7900E+02  5.4164E-01  7.5729E+01  1.5006E+02  1.3978E+01  5.4164E-01  7.0769E+01  1.5006E+02  2.5549E+01  8.4865E+00  1.7947E-01  2.5318E-01  0.0000E+00  4.5561E-01  0.0000E+00  0.0000E+00
  2.8000E+02  5.4164E-01  7.5729E+01  1.5006E+02  1.3978E+01  5.4164E-01  7.0769E+01  1.5006E+02  2.5549E+01  8.4865E+00  1.4448E-01  1.1661E-01  0.0000E+00  3.9445E-01  0.0000E+00  0.0000E+00
  2.8100E+02  5.4164E-01  7.5729E+01  1.5006E+02  1.3978E+01  5.4164E-01  7.0769E+01  1.5006E+02  2.5549E+01  8.4865E+00  1.1984E-01  9.3614E-02  0.0000E+00  3.4607E-01  0.0000E+00  0.0000E+00
  2.8200E+02  5.4164E-01  7.5729E+01  1.5006E+02  1.3978E+01  5.4164E-01  7.0769E+01  1.5006E+02  2.5549E+01  8.4865E+00  1.0245E-01  5.4823E-02  0.0000E+00  3.0789E-01  0.0000E+00  0.0000E+00
  2.8300E+02  5.4164E-01  7.5729E+01  1.5006E+02  1.3978E+01  5.4164E-01  7.0769E+01  1.5006E+02  2.5549E+01  8.4865E+00  9.0023E-02  8.8147E-02  0.0000E+00  2.7771E-01  0.0000E+00  0.0000E+00
  2.8400E+02  5.4164E-01  7.5729E+01  1.5006E+02  1.3978E+01  5.4164E-01  7.0769E+01  1.5006E+02  2.5549E+01  8.4865E+00  8.0969E-02  1.0926E-01  0.0000E+00  2.5368E-01  0.0000E+00  0.0000E+00
  2.8500E+02  5.4164E-01  7.5729E+01  1.5006E+02  1.3978E+01  5.4164E-01  7.0769E+01  1.5006E+02  2.5549E+01  8.4865E+00  7.4183E-02  6.0440E-02  0.0000E+00  2.3435E-01  0.0000E+00  0.0000E+00
  2.8600E+02  5.4164E-01  7.5729E+01  1.5006E+02  1.3978E+01  5.4164E-01  7.0769E+01  1.5006E+02  2.5549E+01  8.4865E+00  6.8922E-02  8.0908E-02  0.0000E+00  2.1858E-01  0.0000E+00  0.0000E+00
  2.8700E+02  5.4164E-01  7.5729E+01  1.5006E+02  1.3978E+01  5.4164E-01  7.0769E+01  1.5006E+02  2.5549E+01  8.4865E+00  6.4688E-02  9.4995E-02  0.0000E+00  2.0550E-01  0.0000E+00  0.0000E+00
  2.8800E+02  5.4164E-01  7.5729E+01  1.5006E+02  1.3978E+01  5.4164E-01  7.0769E+01  1.5006E+02  2.5549E+01  8.4865E+00  6.1151E-02  7.7780E-02  0.0000E+00  1.9447E-01  0.0000E+00  0.0000E+00
  2.8900E+02  5.4164E-01  7.5729E+01  1.5006E+02  1.3978E+01  5.4164E-01  7.0769E+01  1.5006E+02  2.5549E+01  8.4865E+00  5.8095E-02  6.3173E-02  0.0000E+00  1.8499E-01  0.0000E+00  0.0000E+00
  2.9000E+02  5.4164E-01  7.5729E+01  1.5006E+02  1.3978E+01  5.4164E-01  7.0769E+01  1.5006E+02  2.5549E+01  8.4865E+00  5.5380E-02  3.9013E-02  0.0000E+00  1.7668E-01  0.0000E+00  0.0000E+00
  2.9100E+02  5.4164E-01  7.5729E+01  1.5006E+02  1.3978E+01  5.4164E-01  7.0769E+01  1.5006E+02  2.5549E+01  8.4865E+00  5.2912E-02  5.2567E-02  0.0000E+00  1.6929E-01  0.0000E+00  0.0000E+00
  2.9200E+02  5.4164E-01  7.5729E+01  1.5006E+02  1.3978E+01  5.4164E-01  7.0769E+01  1.5006E+02  2.5549E+01  8.4865E+00  5.0630E-02  3.6768E-02  0.0000E+00  1.6260E-01  0.0000E+00  0.0000E+00
  2.9300E+02  5.4164E-01  7.5729E+01  1.5006E+02  1.3978E+01  5.4164E-01  7.0769E+01  1.5006E+02  2.5549E+01  8.4865E+00  4.8496E-02  4.5732E-02  0.0000E+00  1.5647E-01  0.0000E+00  0.0000E+00
  2.9400E+02  5.4164E-01  7.5729E+01  1.5006E+02  1.3978E+01  5.4164E-01  7.0769E+01  1.5006E+02  2.5549E+01  8.4865E+00  4.6484E-02  7.1726E-02  0.0000E+00  1.5079E-01  0.0000E+00  0.0000E+00
  2.9500E+02  5.4164E-01  7.5729E+01  1.5006E+02  1.3978E+01  5.4164E-01  7.0769E+01  1.5006E+02  2.5549E+01  8.4865E+00  7.3407E-01  7.7750E-01  0.0000E+00  8.5361E-01  0.0000E+00  0.0000E+00
  2.9600E+02  5.4164E-01  7.5729E+01  1.5006E+02  1.3978E+01  5.4164E-01  7.0769E+01  1.5006E+02  2.5549E+01  8.4865E+00  8.7393E-01  8.4695E-01  0.0000E+00  1.0828E+00  0.0000E+00  0.0000E+00
  2.9700E+02  5.4164E-01  7.5729E+01  1.5006E+02  1.3978E+01  5.4164E-01  7.0769E+01  1.5006E+02  2.5549E+01  8.4865E+00  7.9627E-01  1.0464E+00  0.0000E+00  1.0847E+00  0.0000E+00  0.0000E+00
  2.9800E+02  5.4164E-01  7.5729E+01  1.5006E+02  1.3978E+01  5.4164E-01  7.0769E+01  1.5006E+02  2.5549E+01  8.4865E+00  6.5363E-01  6.7917E-01  0.0000E+00  9.8947E-01  0.0000E+00  0.0000E+00
  2.9900E+02  5.4164E-01  7.5729E+01  1.5006E+02  1.3978E+01  5.4164E-01  7.0769E+01  1.5006E+02  2.5549E+01  8.4865E+00  5.1070E-01  6.6006E-01  0.0000E+00  8.6329E-01  0.0000E+00  0.0000E+00
  3.0000E+02  5.4164E-01  7.5729E+01  1.5006E+02  1.3978E+01  5.4164E-01  7.0769E+01  1.5006E+02  2.5549E+01  8.4865E+00  3.9048E-01  1.9847E-01  0.0000E+00  7.3762E-01  0.0000E+00  0.0000E+00
  3.0100E+02  5.4164E-01  7.5729E+01  1.5006E+02  1.3978E+01  5.4164E-01  7.0769E+01  1.5006E+02  2.5549E+01  8.4865E+00  2.9741E-01  1.8674E-01  0.0000E+00  6.2573E-01  0.0000E+00  0.0000E+00
  3.0200E+02  5.4164E-01  7.5729E+01  1.5006E+02  1.3978E+01  5.4164E-01  7.0769E+01  1.5006E+02  2.5549E+01  8.4865E+00  2.2864E-01  1.2653E-01  0.0000E+00  5.3167E-01  0.0000E+00  0.0000E+00
  3.0300E+02  5.4164E-01  7.5729E+01  1.5006E+02  1.3978E+01  5.4164E-01  7.0769E+01  1.5006E+02  2.5549E+01  8.4865E+00  1.7921E-01  1.7706E-01  0.0000E+00  4.5512E-01  0.0000E+00  0.0000E+00
  3.0400E+02  5.4164E-01  7.5729E+01  1.5006E+02  1.3978E+01  5.4164E-01  7.0769E+01  1.5006E+02  2.5549E+01  8.4865E+00  1.4422E-01  1.6605E-01  0.0000E+00  3.9398E-01  0.0000E+00  0.0000E+00
  3.0500E+02  5.4164E-01  7.5729E+01  1.5006E+02  1.3978E+01  5.4164E-01  7.0769E+01  1.5006E+02  2.5549E+01  8.4865E+00  1.1960E-01  1.3768E-01  0.0000E+00  3.4561E-01  0.0000E+00  0.0000E+00
  3.0600E+02  5.4164E-01  7.5729E+01  1.5006E+02  1.3978E+01  5.4164E-01  7.0769E+01  1.5006E+02  2.5549E+01  8.4865E+00  1.0221E-01  1.1846E-01  0.0000E+00  3.0745E-01  0.0000E+00  0.0000E+00
  3.0700E+02  5.4164E-01  7.5729E+01  1.5006E+02  1.3978E+01  5.4164E-01  7.0769E+01  1.5006E+02  2.5549E+01  8.4865E+00  8.9799E-02  4.5996E-02  0.0000E+00  2.7728E-01  0.0000E+00  0.0000E+00
  3.0800E+02  5.4164E-01  7.5729E+01  1.5006E+02  1.3978E+01  5.4164E-01  7.0769E+01  1.5006E+02  2.5549E+01  8.4865E+00  8.0754E-02  6.0308E-02  0.0000E+00  2.5327E-01  0.0000E+00  0.0000E+00
  3.0900E+02  5.4164E-01  7.5729E+01  1.5006E+02  1.3978E+01  5.4164E-01  7.0769E+01  1.5006E+02  2.5549E+01  8.4865E+00  7.3977E-02  4.0943E-02  0.0000E+00  2.3395E-01  0.0000E+00  0.0000E+00
  3.1000E+02  5.4164E-01  7.5729E+01  1.5006E+02  1.3978E+01  5.4164E-01  7.0769E+01  1.5006E+02  2.5549E+01  8.4865E+00  6.8725E-02  5.7804E-02  0.0000E+00  2.1819E-01  0.0000E+00  0.0000E+00
  3.1100E+02  5.4164E-01  7.5729E+01  1.5006E+02  1.3978E+01  5.4164E-01  7.0769E+01  1.5006E+02  2.5549E+01  8.4865E+00  6.4498E-02  5.5356E-02  0.0000E+00  2.0513E-01  0.0000E+00  0.0000E+00
  3.1200E+02  5.4164E-01  7.5729E+01  1.5006E+02  1.3978E+01  5.4164E-01  7.0769E+01  1.5006E+02  2.5549E+01  8.4865E+00  6.0969E-02  5.8872E-02  0.0000E+00  1.9411E-01  0.0000E+00  0.0000E+00
  3.1300E+02  5.4164E-01  7.5729E+01  1.5006E+02  1.3978E+01  5.4164E-01  7.0769E+01  1.5006E+02  2.5549E+01  8.4865E+00  5.7921E-02  9.6583E-02  0.0000E+00  1.8464E-01  0.0000E+00  0.0000E+00
  3.1400E+02  5.4164E-01  7.5729E+01  1.5006E+02  1.3978E+01  5.4164E-01  7.0769E+01  1.5006E+02  2.5549E+01  8.4865E+00  5.5212E-02  6.5327E-02  0.0000E+00  1.7634E-01  0.0000E+00  0.0000E+00
  3.1500E+02  5.4164E-01  7.5729E+01  1.5006E+02  1.3978E+01  5.4164E-01  7.0769E+01  1.5006E+02  2.5549E+01  8.4865E+00  5.2751E-02  5.5435E-02  0.0000E+00  1.6896E-01  0.0000E+00  0.0000E+00
  3.1600E+02  5.4164E-01  7.5729E+01  1.5006E+02  1.3978E+01  5.4164E-01  7.0769E+01  1.5006E+02  2.5549E+01  8.4865E+00  5.0476E-02  5.1119E-02  0.0000E+00  1.6229E-01  0.0000E+00  0.0000E+00
  3.1700E+02  5.4164E-01  7.5729E+01  1.5006E+02  1.3978E+01  5.4164E-01  7.0769E+01  1.5006E+02  2.5549E+01  8.4865E+00  4.8348E-02  4.7608E-02  0.0000E+00  1.5617E-01  0.0000E+00  0.0000E+00
  3.1800E+02  5.4164E-01  7.5729E+01  1.5006E+02  1.3978E+01  5.4164E-01  7.0769E+01  1.5006E+02  2.5549E+01  8.4865E+00  4.6341E-02  4.7530E-02  0.0000E+00  1.5050E-01  0.0000E+00  0.0000E+00
  3.1900E+02  5.4164E-01  7.5729E+01  1.5006E+02  1.3978E+01  5.4164E-01  7.0769E+01  1.5006E+02  2.5549E+01  8.4865E+00  7.3393E-01  9.7795E-01  0.0000E+00  8.5332E-01  0.0000E+00  0.0000E+00
  3.2000E+02  5.4164E-01  7.5729E+01  1.5006E+02  1.3978E+01  5.4164E-01  7.0769E+01  1.5006E+02  2.5549E+01  8.4865E+00  8.7380E-01  4.2425E-01  0.0000E+00  1.0825E+00  0.0000E+00  0.0000E+00
  3.2100E+02  5.4164E-01  7.5729E+01  1.5006E+02  1.3978E+01  5.4164E-01  7.0769E+01  1.5006E+02  2.5549E+01  8.4865E+00  7.9614E-01  5.0545E-01  0.0000E+00  1.0844E+00  0.0000E+00  0.0000E+00
  3.2200E+02  5.4164E-01  7.5729E+01  1.5006E+02  1.3978E+01  5.4164E-01  7.0769E+01  1.5006E+02  2.5549E+01  8.4865E+00  6.5351E-01  6.2930E-01  0.0000E+00  9.8921E-01  0.0000E+00  0.0000E+00
  3.2300E+02  5.4164E-01  7.5729E+01  1.5006E+02  1.3978E+01  5.4164E-01  7.0769E+01  1.5006E+02  2.5549E+01  8.4865E+00  5.1059E-01  7.1622E-01  0.0000E+00  8.6303E-01  0.0000E+00  0.0000E+00
  3.2400E+02  5.4164E-01  7.5729E+01  1.5006E+02  1.3978E+01  5.4164E-01  7.0769E+01  1.5006E+02  2.5549E+01  8.4865E+00  3.9037E-01  3.5932E-01  0.0000E+00  7.3737E-01  0.0000E+00  0.0000E+00
  3.2500E+02  5.4164E-01  7.5729E+01  1.5006E+02  1.3978E+01  5.4164E-01  7.0769E+01  1.5006E+02  2.5549E+01  8.4865E+00  2.9730E-01  2.1702E-01  0.0000E+00  6.2549E-01  0.0000E+00  0.0000E+00
  3.2600E+02  5.4164E-01  7.5729E+01  1.5006E+02  1.3978E+01  5.4164E-01  7.0769E+01  1.5006E+02  2.5549E+01  8.4865E+00  2.2854E-01  2.1668E-01  0.0000E+00  5.3144E-01  0.0000E+00  0.0000E+00
  3.2700E+02  5.4164E-01  7.5729E+01  1.5006E+02  1.3978E+01  5.4164E-01  7.0769E+01  1.5006E+02  2.5549E+01  8.4865E+00  1.7911E-01  2.1261E-01  0.0000E+00  4.5490E-01  0.0000E+00  0.0000E+00
  3.2800E+02  5.4164E-01  7.5729E+01  1.5006E+02  1.3978E+01  5.4164E-01  7.0769E+01  1.5006E+02  2.5549E+01  8.4865E+00  1.4413E-01  1.6493E-01  0.0000E+00  3.9377E-01  0.0000E+00  0.0000E+00
  3.2900E+02  5.4164E-01  7.5729E+01  1.5006E+02  1.3978E+01  5.4164E-01  7.0769E+01  1.5006E+02  2.5549E+01  8.4865E+00  1.1951E-01  1.7974E-01  0.0000E+00  3.4540E-01  0.0000E+00  0.0000E+00
  3.3000E+02  5.4164E-01  7.5729E+01  1.5006E+02  1.3978E+01  5.4164E-01  7.0769E+01  1.5006E+02  2.5549E+01  8.4865E+00  1.0213E-01  6.9367E-02  0.0000E+00  3.0725E-01  0.0000E+00  0.0000E+00
  3.3100E+02  5.4164E-01  7.5729E+01  1.5006E+02  1.3978E+01  5.4164E-01  7.0769E+01  1.5006E+02  2.5549E+01  8.4865E+00  8.9716E-02  7.0463E-02  0.0000E+00  2.7709E-01  0.0000E+00  0.0000E+00
  3.3200E+02  5.4164E-01  7.5729E+01  1.5006E+02  1.3978E+01  5.4164E-01  7.0769E+01  1.5006E+02  2.5549E+01  8.4865E+00  8.0674E-02  7.8585E-02  0.0000E+00  2.5308E-01  0.0000E+00  0.0000E+00
  3.3300E+02  5.4164E-01  7.5729E+01  1.5006E+02  1.3978E+01  5.4164E-01  7.0769E+01  1.5006E+02  2.5549E+01  8.4865E+00  7.3901E-02  9.1356E-02  0.0000E+00  2.3377E-01  0.0000E+00  0.0000E+00
  3.3400E+02  5.4164E-01  7.5729E+01  1.5006E+02  1.3978E+01  5.4164E-01  7.0769E+01  1.5006E+02  2.5549E+01  8.4865E+00  6.8651E-02  5.7323E-02  0.0000E+00  2.1802E-01  0.0000E+00  0.0000E+00
  3.3500E+02  5.4164E-01  7.5729E+01  1.5006E+02  1.3978E+01  5.4164E-01  7.0769E+01  1.5006E+02  2.5549E+01  8.4865E+00  6.4428E-02  5.8144E-02  0.0000E+00  2.0496E-01  0.0000E+00  0.0000E+00
  3.3600E+02  5.4164E-01  7.5729E+01  1.5006E+02  1.3978E+01  5.4164E-01  7.0769E+01  1.5006E+02  2.5549E+01  8.4865E+00  6.0901E-02  2.7386E-02  0.0000E+00  1.9394E-01  0.0000E+00  0.0000E+00
  3.3700E+02  5.4164E-01  7.5729E+01  1.5006E+02  1.3978E+01  5.4164E-01  7.0769E+01  1.5006E+02  2.5549E+01  8.4865E+00  5.7856E-02  3.5395E-02  0.0000E+00  1.8447E-01  0.0000E+00  0.0000E+00
  3.3800E+02  5.4164E-01  7.5729E+01  1.5006E+02  1.3978E+01  5.4164E-01  7.0769E+01  1.5006E+02  2.5549E+01  8.4865E+00  5.5150E-02  7.5252E-02  0.0000E+00  1.7619E-01  0.0000E+00  0.0000E+00
  3.3900E+02  5.4164E-01  7.5729E+01  1.5006E+02  1.3978E+01  5.4164E-01  7.0769E+01  1.5006E+02  2.5549E+01  8.4865E+00  5.2691E-02  4.6438E-02  0.0000E+00  1.6881E-01  0.0000E+00  0.0000E+00
  3.4000E+02  5.4164E-01  7.5729E+01  1.5006E+02  1.3978E+01  5.4164E-01  7.0769E+01  1.5006E+02  2.5549E+01  8.4865E+00  5.0418E-02  5.8867E-02  0.0000E+00  1.6214E-01  0.0000E+00  0.0000E+00
  3.4100E+02  5.4164E-01  7.5729E+01  1.5006E+02  1.3978E+01  5.4164E-01  7.0769E+01  1.5006E+02  2.5549E+01  8.4865E+00  4.8293E-02  3.8201E-02  0.0000E+00  1.5603E-01  0.0000E+00  0.0000E+00
  3.4200E+02  5.4164E-01  7.5729E+01  1.5006E+02  1.3978E+01  5.4164E-01  7.0769E+01  1.5006E+02  2.5549E+01  8.4865E+00  4.6288E-02  4.5909E-02  0.0000E+00  1.5036E-01  0.0000E+00  0.0000E+00
  3.4300E+02  2.1666E-01  7.5729E+01  1.5006E+02  1.3978E+01  2.1666E-01  5.4114E+01  1.5006E+02  2.0904E+01  8.4865E+00  0.0000E+00  0.0000E+00  0.0000E+00  0.0000E+00  0.0000E+00  0.0000E+00
  3.4400E+02  2.1666E-01  7.5729E+01  1.5006E+02  1.3978E+01  2.1666E-01  5.4114E+01  1.5006E+02  2.0904E+01  8.4865E+00  0.0000E+00  0.0000E+00  0.0000E+00  0.0000E+00  0.0000E+00  0.0000E+00
  3.4500E+02  2.1666E-01  7.5729E+01  1.5006E+02  1.3978E+01  2.1666E-01  5.4114E+01  1.5006E+02  2.0904E+01  8.4865E+00  8.2641E-01  1.1101E+00  0.0000E+00  6.6491E-01  0.0000E+00  0.0000E+00
  3.4600E+02  2.1666E-01  7.5729E+01  1.5006E+02  1.3978E+01  2.1666E-01  5.4114E+01  1.5006E+02  2.0904E+01  8.4865E+00  1.1511E+00  1.0933E+00  0.0000E+00  1.0332E+00  0.0000E+00  0.0000E+00
  3.4700E+02  2.1666E-01  7.5729E+01  1.5006E+02  1.3978E+01  2.1666E-01  5.4114E+01  1.5006E+02  2.0904E+01  8.4865E+00  1.2175E+00  1.0288E+00  0.0000E+00  1.2081E+00  0.0000E+00  0.0000E+00
  3.4800E+02  2.1666E-01  7.5729E+01  1.5006E+02  1.3978E+01  2.1666E-01  5.4114E+01  1.5006E+02  2.0904E+01  8.4865E+00  1.1592E+00  1.0840E+00  0.0000E+00  1.2600E+00  0.0000E+00  0.0000E+00
  3.4900E+02  2.1666E-01  7.5729E+01  1.5006E+02  1.3978E+01  2.1666E-01  5.4114E+01  1.5006E+02  2.0904E+01  8.4865E+00  1.0478E+00  6.6230E-01  0.0000E+00  1.2369E+00  0.0000E+00  0.0000E+00
  3.5000E+02  2.1666E-01  7.5729E+01  1.5006E+02  1.3978E+01  2.1666E-01  5.4114E+01  1.5006E+02  2.0904E+01  8.4865E+00  9.2102E-01  6.9683E-01  0.0000E+00  1.1708E+00  0.0000E+00  0.0000E+00
  3.5100E+02  2.1666E-01  7.5729E+01  1.5006E+02  1.3978E+01  2.1666E-01  5.4114E+01  1.5006E+02  2.0904E+01  8.4865E+00  7.9721E-01  3.7069E-01  0.0000E+00  1.0826E+00  0.0000E+00  0.0000E+00
  3.5200E+02  2.1666E-01  7.5729E+01  1.5006E+02  1.3978E+01  2.1666E-01  5.4114E+01  1.5006E+02  2.0904E+01  8.4865E+00  6.8470E-01  7.6848E-01  0.0000E+00  9.8582E-01  0.0000E+00  0.0000E+00
  3.5300E+02  2.1666E-01  7.5729E+01  1.5006E+02  1.3978E+01  2.1666E-01  5.4114E+01  1.5006E+02  2.0904E+01  8.4865E+00  5.8636E-01  8.4129E-01  0.0000E+00  8.8878E-01  0.0000E+00  0.0000E+00
  3.5400E+02  2.1666E-01  7.5729E+01  1.5006E+02  1.3978E+01  2.1666E-01  5.4114E+01  1.5006E+02  2.0904E+01  8.4865E+00  5.0236E-01  5.9177E-01  0.0000E+00  7.9639E-01  0.0000E+00  0.0000E+00
  3.5500E+02  2.1666E-01  7.5729E+01  1.5006E+02  1.3978E+01  2.1666E-01  5.4114E+01  1.5006E+02  2.0904E+01  8.4865E+00  4.3158E-01  5.0581E-01  0.0000E+00  7.1128E-01  0.0000E+00  0.0000E+00
  3.5600E+02  2.1666E-01  7.5729E+01  1.5006E+02  1.3978E+01  2.1666E-01  5.4114E+01  1.5006E+02  2.0904E+01  8.4865E+00  3.7242E-01  4.7551E-01  0.0000E+00  6.3460E-01  0.0000E+00  0.0000E+00
  3.5700E+02  2.1666E-01  7.5729E+01  1.5006E+02  1.3978E+01  2.1666E-01  5.4114E+01  1.5006E+02  2.0904E+01  8.4865E+00  3.2318E-01  4.0445E-01  0.0000E+00  5.6659E-01  0.0000E+00  0.0000E+00
  3.5800E+02  2.1666E-01  7.5729E+01  1.5006E+02  1.3978E+01  2.1666E-01  5.4114E+01  1.5006E+02  2.0904E+01  8.4865E+00  2.8227E-01  2.2404E-01  0.0000E+00  5.0693E-01  0.0000E+00  0.0000E+00
  3.5900E+02  2.1666E-01  7.5729E+01  1.5006E+02  1.3978E+01  2.1666E-01  5.4114E+01  1.5006E+02  2.0904E+01  8.4865E+00  2.4828E-01  1.6574E-01  0.0000E+00  4.5502E-01  0.0000E+00  0.0000E+00
  3.6000E+02  2.1666E-01  7.5729E+01  1.5006E+02  1.3978E+01  2.1666E-01  5.4114E+01  1.5006E+02  2.0904E+01  8.4865E+00  2.1998E-01  1.4348E-01  0.0000E+00  4.1008E-01  0.0000E+00  0.0000E+00
  3.6100E+02  2.1666E-01  7.5729E+01  1.5006E+02  1.3978E+01  2.1666E-01  5.4114E+01  1.5006E+02  2.0904E+01  8.4865E+00  1.9636E-01  1.4917E-01  0.0000E+00  3.7130E-01  0.0000E+00  0.0000E+00
  3.6200E+02  2.1666E-01  7.5729E+01  1.5006E+02  1.3978E+01  2.1666E-01  5.4114E+01  1.5006E+02  2.0904E+01  8.4865E+00  1.7657E-01  1.7755E-01  0.0000E+00  3.3790E-01  0.0000E+00  0.0000E+00
  3.6300E+02  2.1666E-01  7.5729E+01  1.5006E+02  1.3978E+01  2.1666E-01  5.4114E+01  1.5006E+02  2.0904E+01  8.4865E+00  1.5991E-01  1.2084E-01  0.0000E+00  3.0914E-01  0.0000E+00  0.0000E+00
  3.6400E+02  2.1666E-01  7.5729E+01  1.5006E+02  1.3978E+01  2.1666E-01  5.4114E+01  1.5006E+02  2.0904E+01  8.4865E+00  1.4580E-01  1.2816E-01  0.0000E+00  2.8433E-01  0.0000E+00  0.0000E+00
  3.6500E+02  2.1666E-01  7.5729E+01  1.5006E+02  1.3978E+01  2.1666E-01  5.4114E+01  1.5006E+02  2.0904E+01  8.4865E+00  1.3378E-01  7.0313E-02  0.0000E+00  2.6290E-01  0.0000E+00  0.0000E+00
  3.6600E+02  2.1666E-01  7.5729E+01  1.5006E+02  1.3978E+01  2.1666E-01  5.4114E+01  1.5006E+02  2.0904E+01  8.4865E+00  1.2347E-01  1.4410E-01  0.0000E+00  2.4431E-01  0.0000E+00  0.0000E+00
  3.6700E+02  2.1666E-01  7.5729E+01  1.5006E+02  1.3978E+01  2.1666E-01  5.4114E+01  1.5006E+02  2.0904E+01  8.4865E+00  1.1457E-01  1.2468E-01  0.0000E+00  2.2813E-01  0.0000E+00  0.0000E+00
  3.6800E+02  2.1666E-01  7.5729E+01  1.5006E+02  1.3978E+01  2.1666E-01  5.4114E+01  1.5006E+02  2.0904E+01  8.4865E+00  1.0682E-01  1.1141E-01  0.0000E+00  2.1396E-01  0.0000E+00  0.0000E+00
  3.6900E+02  2.1666E-01  7.5729E+01  1.5006E+02  1.3978E+01  2.1666E-01  5.4114E+01  1.5006E+02  2.0904E+01  8.4865E+00  1.0682E-01  1.5712E-01  0.0000E+00  2.1396E-01  0.0000E+00  0.0000E+00
  3.7000E+02  2.1666E-01  7.5729E+01  1.5006E+02  1.3978E+01  2.1666E-01  5.4114E+01  1.5006E+02  2.0904E+01  8.4865E+00  5.1323E-01  4.4350E-01  0.0000E+00  5.3395E-01  0.0000E+00  0.0000E+00
  3.7100E+02  2.1666E-01  7.5729E+01  1.5006E+02  1.3978E+01  2.1666E-01  5.4114E+01  1.5006E+02  2.0904E+01  8.4865E+00  6.6957E-01  6.3288E-01  0.0000E+00  7.0707E-01  0.0000E+00  0.0000E+00
  3.7200E+02  2.1666E-01  7.5729E+01  1.5006E+02  1.3978E+01  2.1666E-01  5.4114E+01  1.5006E+02  2.0904E+01  8.4865E+00  6.9742E-01  5.3129E-01  0.0000E+00  7.8464E-01  0.0000E+00  0.0000E+00
  3.7300E+02  2.1666E-01  7.5729E+01  1.5006E+02  1.3978E+01  2.1666E-01  5.4114E+01  1.5006E+02  2.0904E+01  8.4865E+00  6.6344E-01  3.4186E-01  0.0000E+00  8.0178E-01  0.0000E+00  0.0000E+00
  3.7400E+02  2.1666E-01  7.5729E+01  1.5006E+02  1.3978E+01  2.1666E-01  5.4114E+01  1.5006E+02  2.0904E+01  8.4865E+00  6.0343E-01  5.4998E-01  0.0000E+00  7.8226E-01  0.0000E+00  0.0000E+00
  3.7500E+02  2.1666E-01  7.5729E+01  1.5006E+02  1.3978E+01  2.1666E-01  5.4114E+01  1.5006E+02  2.0904E+01  8.4865E+00  5.3606E-01  4.5140E-01  0.0000E+00  7.4194E-01  0.0000E+00  0.0000E+00
  3.7600E+02  2.1666E-01  7.5729E+01  1.5006E+02  1.3978E+01  2.1666E-01  5.4114E+01  1.5006E+02  2.0904E+01  8.4865E+00  4.7052E-01  5.9808E-01  0.0000E+00  6.9119E-01  0.0000E+00  0.0000E+00
  3.7700E+02  2.1666E-01  7.5729E+01  1.5006E+02  1.3978E+01  2.1666E-01  5.4114E+01  1.5006E+02  2.0904E+01  8.4865E+00  4.1092E-01  3.7125E-01  0.0000E+00  6.3667E-01  0.0000E+00  0.0000E+00
  3.7800E+02  2.1666E-01  7.5729E+01  1.5006E+02  1.3978E+01  2.1666E-01  5.4114E+01  1.5006E+02  2.0904E+01  8.4865E+00  3.5866E-01  6.5875E-01  0.0000E+00  5.8247E-01  0.0000E+00  0.0000E+00
  3.7900E+02  2.1666E-01  7.5729E+01  1.5006E+02  1.3978E+01  2.1666E-01  5.4114E+01  1.5006E+02  2.0904E+01  8.4865E+00  3.1377E-01  2.8619E-01  0.0000E+00  5.3099E-01  0.0000E+00  0.0000E+00
  3.8000E+02  2.1666E-01  7.5729E+01  1.5006E+02  1.3978E+01  2.1666E-01  5.4114E+01  1.5006E+02  2.0904E+01  8.4865E+00  2.7567E-01  1.1717E-01  0.0000E+00  4.8347E-01  0.0000E+00  0.0000E+00
  3.8100E+02  2.1666E-01  7.5729E+01  1.5006E+02  1.3978E+01  2.1666E-01  5.4114E+01  1.5006E+02  2.0904E+01  8.4865E+00  2.4355E-01  1.9046E-01  0.0000E+00  4.4046E-01  0.0000E+00  0.0000E+00
  3.8200E+02  2.1666E-01  7.5729E+01  1.5006E+02  1.3978E+01  2.1666E-01  5.4114E+01  1.5006E+02  2.0904E+01  8.4865E+00  2.1654E-01  2.6732E-01  0.0000E+00  4.0205E-01  0.0000E+00  0.0000E+00
  3.8300E+02  2.1666E-01  7.5729E+01  1.5006E+02  1.3978E+01  2.1666E-01  5.4114E+01  1.5006E+02  2.0904E+01  8.4865E+00  1.9382E-01  2.5787E-01  0.0000E+00  3.6805E-01  0.0000E+00  0.0000E+00
  3.8400E+02  2.1666E-01  7.5729E+01  1.5006E+02  1.3978E+01  2.1666E-01  5.4114E+01  1.5006E+02  2.0904E+01  8.4865E+00  1.7468E-01  1.4594E-01  0.0000E+00  3.3812E-01  0.0000E+00  0.0000E+00
  3.8500E+02  2.1666E-01  7.5729E+01  1.5006E+02  1.3978E+01  2.1666E-01  5.4114E+01  1.5006E+02  2.0904E+01  8.4865E+00  1.5850E-01  2.0561E-01  0.0000E+00  3.1186E-01  0.0000E+00  0.0000E+00
  3.8600E+02  2.1666E-01  7.5729E+01  1.5006E+02  1.3978E+01  2.1666E-01  5.4114E+01  1.5006E+02  2.0904E+01  8.4865E+00  1.4475E-01  9.8784E-02  0.0000E+00  2.8886E-01  0.0000E+00  0.0000E+00
  3.8700E+02  2.1666E-01  7.5729E+01  1.5006E+02  1.3978E+01  2.1666E-01  5.4114E+01  1.5006E+02  2.0904E+01  8.4865E+00  1.3301E-01  1.3936E-01  0.0000E+00  2.6870E-01  0.0000E+00  0.0000E+00
  3.8800E+02  2.1666E-01  7.5729E+01  1.5006E+02  1.3978E+01  2.1666E-01  5.4114E+01  1.5006E+02  2.0904E+01  8.4865E+00  1.2291E-01  1.5392E-01  0.0000E+00  2.5099E-01  0.0000E+00  0.0000E+00
  3.8900E+02  2.1666E-01  7.5729E+01  1.5006E+02  1.3978E+01  2.1666E-01  5.4114E+01  1.5006E+02  2.0904E+01  8.4865E+00  1.1417E-01  1.0607E-01  0.0000E+00  2.3540E-01  0.0000E+00  0.0000E+00
  3.9000E+02  2.1666E-01  7.5729E+01  1.5006E+02  1.3978E+01  2.1666E-01  5.4114E+01  1.5006E+02  2.0904E+01  8.4865E+00  1.0655E-01  1.0344E-01  0.0000E+00  2.2161E-01  0.0000E+00  0.0000E+00
  3.9100E+02  2.1666E-01  7.5729E+01  1.5006E+02  1.3978E+01  2.1666E-01  5.4114E+01  1.5006E+02  2.0904E+01  8.4865E+00  9.9852E-02  8.1442E-02  0.0000E+00  2.0936E-01  0.0000E+00  0.0000E+00
  3.9200E+02  2.1666E-01  7.5729E+01  1.5006E+02  1.3978E+01  2.1666E-01  5.4114E+01  1.5006E+02  2.0904E+01  8.4865E+00  9.3921E-02  1.2832E-01  0.0000E+00  1.9842E-01  0.0000E+00  0.0000E+00
  3.9300E+02  2.1666E-01  7.5729E+01  1.5006E+02  1.3978E+01  2.1666E-01  5.4114E+01  1.5006E+02  2.0904E+01  8.4865E+00  8.8627E-02  9.4475E-02  0.0000E+00  1.8859E-01  0.0000E+00  0.0000E+00
  3.9400E+02  2.1666E-01  7.5729E+01  1.5006E+02  1.3978E+01  2.1666E-01  5.4114E+01  1.5006E+02  2.0904E+01  8.4865E+00  4.9707E-01  3.5867E-01  0.0000E+00  5.1216E-01  0.0000E+00  0.0000E+00
  3.9500E+02  2.1666E-01  7.5729E+01  1.5006E+02  1.3978E+01  2.1666E-01  5.4114E+01  1.5006E+02  2.0904E+01  8.4865E+00  6.5511E-01  6.9967E-01  0.0000E+00  6.8824E-01  0.0000E+00  0.0000E+00
  3.9600E+02  2.1666E-01  7.5729E+01  1.5006E+02  1.3978E+01  2.1666E-01  5.4114E+01  1.5006E+02  2.0904E+01  8.4865E+00  6.8439E-01  9.4733E-01  0.0000E+00  7.6827E-01  0.0000E+00  0.0000E+00
  3.9700E+02  2.1666E-01  7.5729E+01  1.5006E+02  1.3978E+01  2.1666E-01  5.4114E+01  1.5006E+02  2.0904E+01  8.4865E+00  6.5160E-01  5.9511E-01  0.0000E+00  7.8744E-01  0.0000E+00  0.0000E+00
  3.9800E+02  2.1666E-01  7.5729E+01  1.5006E+02  1.3978E+01  2.1666E-01  5.4114E+01  1.5006E+02  2.0904E+01  8.4865E+00  5.9261E-01  5.3964E-01  0.0000E+00  7.6960E-01  0.0000E+00  0.0000E+00
  3.9900E+02  2.1666E-01  7.5729E+01  1.5006E+02  1.3978E+01  2.1666E-01  5.4114E+01  1.5006E+02  2.0904E+01  8.4865E+00  5.2611E-01  4.9366E-01  0.0000E+00  7.3068E-01  0.0000E+00  0.0000E+00
  4.0000E+02  2.1666E-01  7.5729E+01  1.5006E+02  1.3978E+01  2.1666E-01  5.4114E+01  1.5006E+02  2.0904E+01  8.4865E+00  4.6132E-01  3.9795E-01  0.0000E+00  6.8110E-01  0.0000E+00  0.0000E+00
  4.0100E+02  2.1666E-01  7.5729E+01  1.5006E+02  1.3978E+01  2.1666E-01  5.4114E+01  1.5006E+02  2.0904E+01  8.4865E+00  4.0237E-01  5.3167E-01  0.0000E+00  6.2756E-01  0.0000E+00  0.0000E+00
  4.0200E+02  2.1666E-01  7.5729E+01  1.5006E+02  1.3978E+01  2.1666E-01  5.4114E+01  1.5006E+02  2.0904E+01  8.4865E+00  3.5067E-01  3.8095E-01  0.0000E+00  5.7419E-01  0.0000E+00  0.0000E+00
  4.0300E+02  2.1666E-01  7.5729E+01  1.5006E+02  1.3978E+01  2.1666E-01  5.4114E+01  1.5006E+02  2.0904E+01  8.4865E+00  3.0627E-01  2.0348E-01  0.0000E+00  5.2339E-01  0.0000E+00  0.0000E+00
  4.0400E+02  2.1666E-01  7.5729E+01  1.5006E+02  1.3978E+01  2.1666E-01  5.4114E+01  1.5006E+02  2.0904E+01  8.4865E+00  2.6862E-01  1.4257E-01  0.0000E+00  4.7647E-01  0.0000E+00  0.0000E+00
  4.0500E+02  2.1666E-01  7.5729E+01  1.5006E+02  1.3978E+01  2.1666E-01  5.4114E+01  1.5006E+02  2.0904E+01  8.4865E+00  2.3689E-01  9.5002E-02  0.0000E+00  4.3397E-01  0.0000E+00  0.0000E+00
  4.0600E+02  2.1666E-01  7.5729E+01  1.5006E+02  1.3978E+01  2.1666E-01  5.4114E+01  1.5006E+02  2.0904E+01  8.4865E+00  2.1023E-01  2.5742E-01  0.0000E+00  3.9599E-01  0.0000E+00  0.0000E+00
  4.0700E+02  2.1666E-01  7.5729E+01  1.5006E+02  1.3978E+01  2.1666E-01  5.4114E+01  1.5006E+02  2.0904E+01  8.4865E+00  1.8784E-01  2.0457E-01  0.0000E+00  3.6237E-01  0.0000E+00  0.0000E+00
  4.0800E+02  2.1666E-01  7.5729E+01  1.5006E+02  1.3978E+01  2.1666E-01  5.4114E+01  1.5006E+02  2.0904E+01  8.4865E+00  1.6899E-01  1.1110E-01  0.0000E+00  3.3277E-01  0.0000E+00  0.0000E+00
  4.0900E+02  2.1666E-01  7.5729E+01  1.5006E+02  1.3978E+01  2.1666E-01  5.4114E+01  1.5006E+02  2.0904E+01  8.4865E+00  1.5308E-01  1.3836E-01  0.0000E+00  3.0681E-01  0.0000E+00  0.0000E+00
  4.1000E+02  2.1666E-01  7.5729E+01  1.5006E+02  1.3978E+01  2.1666E-01  5.4114E+01  1.5006E+02  2.0904E+01  8.4865E+00  1.3958E-01  1.4070E-01  0.0000E+00  2.8406E-01  0.0000E+00  0.0000E+00
  4.1100E+02  2.1666E-01  7.5729E+01  1.5006E+02  1.3978E+01  2.1666E-01  5.4114E+01  1.5006E+02  2.0904E+01  8.4865E+00  1.2807E-01  1.1872E-01  0.0000E+00  2.6413E-01  0.0000E+00  0.0000E+00
  4.1200E+02  2.1666E-01  7.5729E+01  1.5006E+02  1.3978E+01  2.1666E-01  5.4114E+01  1.5006E+02  2.0904E+01  8.4865E+00  1.1819E-01  1.7463E-01  0.0000E+00  2.4663E-01  0.0000E+00  0.0000E+00
  4.1300E+02  2.1666E-01  7.5729E+01  1.5006E+02  1.3978E+01  2.1666E-01  5.4114E+01  1.5006E+02  2.0904E+01  8.4865E+00  1.0965E-01  4.3716E-02  0.0000E+00  2.3123E-01  0.0000E+00  0.0000E+00
  4.1400E+02  2.1666E-01  7.5729E+01  1.5006E+02  1.3978E+01  2.1666E-01  5.4114E+01  1.5006E+02  2.0904E+01  8.4865E+00  1.0222E-01  1.6455E-01  0.0000E+00  2.1762E-01  0.0000E+00  0.0000E+00
  4.1500E+02  2.1666E-01  7.5729E+01  1.5006E+02  1.3978E+01  2.1666E-01  5.4114E+01  1.5006E+02  2.0904E+01  8.4865E+00  9.5700E-02  9.6550E-02  0.0000E+00  2.0553E-01  0.0000E+00  0.0000E+00
  4.1600E+02  2.1666E-01  7.5729E+01  1.5006E+02  1.3978E+01  2.1666E-01  5.4114E+01  1.5006E+02  2.0904E+01  8.4865E+00  8.9938E-02  6.5241E-02  0.0000E+00  1.9474E-01  0.0000E+00  0.0000E+00
  4.1700E+02  2.1666E-01  7.5729E+01  1.5006E+02  1.3978E+01  2.1666E-01  5.4114E+01  1.5006E+02  2.0904E+01  8.4865E+00  8.4806E-02  9.4310E-02  0.0000E+00  1.8505E-01  0.0000E+00  0.0000E+00
  4.1800E+02  2.1666E-01  7.5729E+01  1.5006E+02  1.3978E+01  2.1666E-01  5.4114E+01  1.5006E+02  2.0904E+01  8.4865E+00  4.9341E-01  4.8972E-01  0.0000E+00  5.0875E-01  0.0000E+00  0.0000E+00
  4.1900E+02  2.1666E-01  7.5729E+01  1.5006E+02  1.3978E+01  2.1666E-01  5.4114E+01  1.5006E+02  2.0904E+01  8.4865E+00  6.5159E-01  6.6402E-01  0.0000E+00  6.8495E-01  0.0000E+00  0.0000E+00
  4.2000E+02  2.1666E-01  7.5729E+01  1.5006E+02  1.3978E+01  2.1666E-01  5.4114E+01  1.5006E+02  2.0904E+01  8.4865E+00  6.8101E-01  2.8920E-01  0.0000E+00  7.6509E-01  0.0000E+00  0.0000E+00
  4.2100E+02  2.1666E-01  7.5729E+01  1.5006E+02  1.3978E+01  2.1666E-01  5.4114E+01  1.5006E+02  2.0904E+01  8.4865E+00  6.4835E-01  8.5831E-01  0.0000E+00  7.8438E-01  0.0000E+00  0.0000E+00
  4.2200E+02  2.1666E-01  7.5729E+01  1.5006E+02  1.3978E+01  2.1666E-01  5.4114E+01  1.5006E+02  2.0904E+01  8.4865E+00  5.8949E-01  8.6662E-01  0.0000E+00  7.6665E-01  0.0000E+00  0.0000E+00
  4.2300E+02  2.1666E-01  7.5729E+01  1.5006E+02  1.3978E+01  2.1666E-01  5.4114E+01  1.5006E+02  2.0904E+01  8.4865E+00  5.2311E-01  5.9588E-01  0.0000E+00  7.2782E-01  0.0000E+00  0.0000E+00
  4.2400E+02  2.1666E-01  7.5729E+01  1.5006E+02  1.3978E+01  2.1666E-01  5.4114E+01  1.5006E+02  2.0904E+01  8.4865E+00  4.5844E-01  4.2340E-01  0.0000E+00  6.7834E-01  0.0000E+00  0.0000E+00
  4.2500E+02  2.1666E-01  7.5729E+01  1.5006E+02  1.3978E+01  2.1666E-01  5.4114E+01  1.5006E+02  2.0904E+01  8.4865E+00  3.9960E-01  5.6900E-01  0.0000E+00  6.2489E-01  0.0000E+00  0.0000E+00
  4.2600E+02  2.1666E-01  7.5729E+01  1.5006E+02  1.3978E+01  2.1666E-01  5.4114E+01  1.5006E+02  2.0904E+01  8.4865E+00  3.4800E-01  3.3713E-01  0.0000E+00  5.7161E-01  0.0000E+00  0.0000E+00
  4.2700E+02  2.1666E-01  7.5729E+01  1.5006E+02  1.3978E+01  2.1666E-01  5.4114E+01  1.5006E+02  2.0904E+01  8.4865E+00  3.0371E-01  3.6572E-01  0.0000E+00  5.2090E-01  0.0000E+00  0.0000E+00
  4.2800E+02  2.1666E-01  7.5729E+01  1.5006E+02  1.3978E+01  2.1666E-01  5.4114E+01  1.5006E+02  2.0904E+01  8.4865E+00  2.6616E-01  3.2932E-01  0.0000E+00  4.7406E-01  0.0000E+00  0.0000E+00
  4.2900E+02  2.1666E-01  7.5729E+01  1.5006E+02  1.3978E+01  2.1666E-01  5.4114E+01  1.5006E+02  2.0904E+01  8.4865E+00  2.3452E-01  1.2260E-01  0.0000E+00  4.3164E-01  0.0000E+00  0.0000E+00
  4.3000E+02  2.1666E-01  7.5729E+01  1.5006E+02  1.3978E+01  2.1666E-01  5.4114E+01  1.5006E+02  2.0904E+01  8.4865E+00  2.0796E-01  2.7516E-01  0.0000E+00  3.9374E-01  0.0000E+00  0.0000E+00
  4.3100E+02  2.1666E-01  7.5729E+01  1.5006E+02  1.3978E+01  2.1666E-01  5.4114E+01  1.5006E+02  2.0904E+01  8.4865E+00  1.8565E-01  1.9112E-01  0.0000E+00  3.6019E-01  0.0000E+00  0.0000E+00
  4.3200E+02  2.1666E-01  7.5729E+01  1.5006E+02  1.3978E+01  2.1666E-01  5.4114E+01  1.5006E+02  2.0904E+01  8.4865E+00  1.6689E-01  1.2794E-01  0.0000E+00  3.3066E-01  0.0000E+00  0.0000E+00
  4.3300E+02  2.1666E-01  7.5729E+01  1.5006E+02  1.3978E+01  2.1666E-01  5.4114E+01  1.5006E+02  2.0904E+01  8.4865E+00  1.5105E-01  9.9632E-02  0.0000E+00  3.0476E-01  0.0000E+00  0.0000E+00
  4.3400E+02  2.1666E-01  7.5729E+01  1.5006E+02  1.3978E+01  2.1666E-01  5.4114E+01  1.5006E+02  2.0904E+01  8.4865E+00  1.3763E-01  1.0194E-01  0.0000E+00  2.8208E-01  0.0000E+00  0.0000E+00
  4.3500E+02  2.1666E-01  7.5729E+01  1.5006E+02  1.3978E+01  2.1666E-01  5.4114E+01  1.5006E+02  2.0904E+01  8.4865E+00  1.2619E-01  1.2929E-01  0.0000E+00  2.6221E-01  0.0000E+00  0.0000E+00
  4.3600E+02  2.1666E-01  7.5729E+01  1.5006E+02  1.3978E+01  2.1666E-01  5.4114E+01  1.5006E+02  2.0904E+01  8.4865E+00  1.1639E-01  9.8016E-02  0.0000E+00  2.4478E-01  0.0000E+00  0.0000E+00
  4.3700E+02  2.1666E-01  7.5729E+01  1.5006E+02  1.3978E+01  2.1666E-01  5.4114E+01  1.5006E+02  2.0904E+01  8.4865E+00  1.0792E-01  1.2489E-01  0.0000E+00  2.2944E-01  0.0000E+00  0.0000E+00
  4.3800E+02  2.1666E-01  7.5729E+01  1.5006E+02  1.3978E+01  2.1666E-01  5.4114E+01  1.5006E+02  2.0904E+01  8.4865E+00  1.0055E-01  1.3901E-01  0.0000E+00  2.1588E-01  0.0000E+00  0.0000E+00
  4.3900E+02  2.1666E-01  7.5729E+01  1.5006E+02  1.3978E+01  2.1666E-01  5.4114E+01  1.5006E+02  2.0904E+01  8.4865E+00  9.4098E-02  1.0449E-01  0.0000E+00  2.0385E-01  0.0000E+00  0.0000E+00
  4.4000E+02  2.1666E-01  7.5729E+01  1.5006E+02  1.3978E+01  2.1666E-01  5.4114E+01  1.5006E+02  2.0904E+01  8.4865E+00  8.8398E-02  6.4980E-02  0.0000E+00  1.9311E-01  0.0000E+00  0.0000E+00
  4.4100E+02  2.1666E-01  7.5729E+01  1.5006E+02  1.3978E+01  2.1666E-01  5.4114E+01  1.5006E+02  2.0904E+01  8.4865E+00  8.3325E-02  1.2947E-01  0.0000E+00  1.8348E-01  0.0000E+00  0.0000E+00
  4.4200E+02  2.1666E-01  7.5729E+01  1.5006E+02  1.3978E+01  2.1666E-01  5.4114E+01  1.5006E+02  2.0904E+01  8.4865E+00  4.9198E-01  6.8866E-01  0.0000E+00  5.0723E-01  0.0000E+00  0.0000E+00
  4.4300E+02  2.1666E-01  7.5729E+01  1.5006E+02  1.3978E+01  2.1666E-01  5.4114E+01  1.5006E+02  2.0904E+01  8.4865E+00  6.5022E-01  5.1189E-01  0.0000E+00  6.8348E-01  0.0000E+00  0.0000E+00
  4.4400E+02  2.1666E-01  7.5729E+01  1.5006E+02  1.3978E+01  2.1666E-01  5.4114E+01  1.5006E+02  2.0904E+01  8.4865E+00  6.7969E-01  9.5417E-01  0.0000E+00  7.6367E-01  0.0000E+00  0.0000E+00
  4.4500E+02  2.1666E-01  7.5729E+01  1.5006E+02  1.3978E+01  2.1666E-01  5.4114E+01  1.5006E+02  2.0904E+01  8.4865E+00  6.4709E-01  5.1218E-01  0.0000E+00  7.8300E-01  0.0000E+00  0.0000E+00
  4.4600E+02  2.1666E-01  7.5729E+01  1.5006E+02  1.3978E+01  2.1666E-01  5.4114E+01  1.5006E+02  2.0904E+01  8.4865E+00  5.8827E-01  8.5394E-01  0.0000E+00  7.6531E-01  0.0000E+00  0.0000E+00
  4.4700E+02  2.1666E-01  7.5729E+01  1.5006E+02  1.3978E+01  2.1666E-01  5.4114E+01  1.5006E+02  2.0904E+01  8.4865E+00  5.2194E-01  4.9743E-01  0.0000E+00  7.2653E-01  0.0000E+00  0.0000E+00
  4.4800E+02  2.1666E-01  7.5729E+01  1.5006E+02  1.3978E+01  2.1666E-01  5.4114E+01  1.5006E+02  2.0904E+01  8.4865E+00  4.5731E-01  6.8890E-01  0.0000E+00  6.7709E-01  0.0000E+00  0.0000E+00
  4.4900E+02  2.1666E-01  7.5729E+01  1.5006E+02  1.3978E+01  2.1666E-01  5.4114E+01  1.5006E+02  2.0904E+01  8.4865E+00  3.9851E-01  3.3087E-01  0.0000E+00  6.2368E-01  0.0000E+00  0.0000E+00
  4.5000E+02  2.1666E-01  7.5729E+01  1.5006E+02  1.3978E+01  2.1666E-01  5.4114E+01  1.5006E+02  2.0904E+01  8.4865E+00  3.4696E-01  5.4081E-01  0.0000E+00  5.7043E-01  0.0000E+00  0.0000E+00
  4.5100E+02  2.1666E-01  7.5729E+01  1.5006E+02  1.3978E+01  2.1666E-01  5.4114E+01  1.5006E+02  2.0904E+01  8.4865E+00  3.0271E-01  8.2918E-02  0.0000E+00  5.1976E-01  0.0000E+00  0.0000E+00
  4.5200E+02  2.1666E-01  7.5729E+01  1.5006E+02  1.3978E+01  2.1666E-01  5.4114E+01  1.5006E+02  2.0904E+01  8.4865E+00  2.6519E-01  1.4726E-01  0.0000E+00  4.7296E-01  0.0000E+00  0.0000E+00
  4.5300E+02  2.1666E-01  7.5729E+01  1.5006E+02  1.3978E+01  2.1666E-01  5.4114E+01  1.5006E+02  2.0904E+01  8.4865E+00  2.3360E-01  3.4572E-01  0.0000E+00  4.3057E-01  0.0000E+00  0.0000E+00
  4.5400E+02  2.1666E-01  7.5729E+01  1.5006E+02  1.3978E+01  2.1666E-01  5.4114E+01  1.5006E+02  2.0904E+01  8.4865E+00  2.0706E-01  1.3126E-01  0.0000E+00  3.9271E-01  0.0000E+00  0.0000E+00
  4.5500E+02  2.1666E-01  7.5729E+01  1.5006E+02  1.3978E+01  2.1666E-01  5.4114E+01  1.5006E+02  2.0904E+01  8.4865E+00  1.8479E-01  1.8450E-01  0.0000E+00  3.5919E-01  0.0000E+00  0.0000E+00
  4.5600E+02  2.1666E-01  7.5729E+01  1.5006E+02  1.3978E+01  2.1666E-01  5.4114E+01  1.5006E+02  2.0904E+01  8.4865E+00  1.6606E-01  1.8525E-01  0.0000E+00  3.2969E-01  0.0000E+00  0.0000E+00
  4.5700E+02  2.1666E-01  7.5729E+01  1.5006E+02  1.3978E+01  2.1666E-01  5.4114E+01  1.5006E+02  2.0904E+01  8.4865E+00  1.5026E-01  1.8802E-01  0.0000E+00  3.0383E-01  0.0000E+00  0.0000E+00
  4.5800E+02  2.1666E-01  7.5729E+01  1.5006E+02  1.3978E+01  2.1666E-01  5.4114E+01  1.5006E+02  2.0904E+01  8.4865E+00  1.3687E-01  1.5884E-01  0.0000E+00  2.8118E-01  0.0000E+00  0.0000E+00
  4.5900E+02  2.1666E-01  7.5729E+01  1.5006E+02  1.3978E+01  2.1666E-01  5.4114E+01  1.5006E+02  2.0904E+01  8.4865E+00  1.2546E-01  1.0177E-01  0.0000E+00  2.6134E-01  0.0000E+00  0.0000E+00
  4.6000E+02  2.1666E-01  7.5729E+01  1.5006E+02  1.3978E+01  2.1666E-01  5.4114E+01  1.5006E+02  2.0904E+01  8.4865E+00  1.1568E-01  8.9489E-02  0.0000E+00  2.4393E-01  0.0000E+00  0.0000E+00
  4.6100E+02  2.1666E-01  7.5729E+01  1.5006E+02  1.3978E+01  2.1666E-01  5.4114E+01  1.5006E+02  2.0904E+01  8.4865E+00  1.0724E-01  9.1368E-02  0.0000E+00  2.2862E-01  0.0000E+00  0.0000E+00
  4.6200E+02  2.1666E-01  7.5729E+01  1.5006E+02  1.3978E+01  2.1666E-01  5.4114E+01  1.5006E+02  2.0904E+01  8.4865E+00  9.9899E-02  9.9477E-02  0.0000E+00  2.1509E-01  0.0000E+00  0.0000E+00
  4.6300E+02  2.1666E-01  7.5729E+01  1.5006E+02  1.3978E+01  2.1666E-01  5.4114E+01  1.5006E+02  2.0904E+01  8.4865E+00  9.3469E-02  8.9997E-02  0.0000E+00  2.0308E-01  0.0000E+00  0.0000E+00
  4.6400E+02  2.1666E-01  7.5729E+01  1.5006E+02  1.3978E+01  2.1666E-01  5.4114E+01  1.5006E+02  2.0904E+01  8.4865E+00  8.7793E-02  9.5524E-02  0.0000E+00  1.9237E-01  0.0000E+00  0.0000E+00
  4.6500E+02  2.1666E-01  7.5729E+01  1.5006E+02  1.3978E+01  2.1666E-01  5.4114E+01  1.5006E+02  2.0904E+01  8.4865E+00  8.2743E-02  9.6999E-02  0.0000E+00  1.8276E-01  0.0000E+00  0.0000E+00
  4.6600E+02  2.1666E-01  7.5729E+01  1.5006E+02  1.3978E+01  2.1666E-01  5.4114E+01  1.5006E+02  2.0904E+01  8.4865E+00  4.9142E-01  4.4117E-01  0.0000E+00  5.0653E-01  0.0000E+00  0.0000E+00
  4.6700E+02  2.1666E-01  7.5729E+01  1.5006E+02  1.3978E+01  2.1666E-01  5.4114E+01  1.5006E+02  2.0904E+01  8.4865E+00  6.4968E-01  4.9859E-01  0.0000E+00  6.8281E-01  0.0000E+00  0.0000E+00
  4.6800E+02  2.1666E-01  7.5729E+01  1.5006E+02  1.3978E+01  2.1666E-01  5.4114E+01  1.5006E+02  2.0904E+01  8.4865E+00  6.7917E-01  9.9691E-01  0.0000E+00  7.6301E-01  0.0000E+00  0.0000E+00
  4.6900E+02  2.1666E-01  7.5729E+01  1.5006E+02  1.3978E+01  2.1666E-01  5.4114E+01  1.5006E+02  2.0904E+01  8.4865E+00  6.4659E-01  3.2142E-01  0.0000E+00  7.8237E-01  0.0000E+00  0.0000E+00
  4.7000E+02  2.1666E-01  7.5729E+01  1.5006E+02  1.3978E+01  2.1666E-01  5.4114E+01  1.5006E+02  2.0904E+01  8.4865E+00  5.8779E-01  5.7617E-01  0.0000E+00  7.6470E-01  0.0000E+00  0.0000E+00
  4.7100E+02  2.1666E-01  7.5729E+01  1.5006E+02  1.3978E+01  2.1666E-01  5.4114E+01  1.5006E+02  2.0904E+01  8.4865E+00  5.2148E-01  6.7317E-01  0.0000E+00  7.2594E-01  0.0000E+00  0.0000E+00
  4.7200E+02  2.1666E-01  7.5729E+01  1.5006E+02  1.3978E+01  2.1666E-01  5.4114E+01  1.5006E+02  2.0904E+01  8.4865E+00  4.5687E-01  4.3636E-01  0.0000E+00  6.7652E-01  0.0000E+00  0.0000E+00
  4.7300E+02  2.1666E-01  7.5729E+01  1.5006E+02  1.3978E+01  2.1666E-01  5.4114E+01  1.5006E+02  2.0904E+01  8.4865E+00  3.9809E-01  2.3172E-01  0.0000E+00  6.2313E-01  0.0000E+00  0.0000E+00
  4.7400E+02  2.1666E-01  7.5729E+01  1.5006E+02  1.3978E+01  2.1666E-01  5.4114E+01  1.5006E+02  2.0904E+01  8.4865E+00  3.4655E-01  2.3905E-01  0.0000E+00  5.6990E-01  0.0000E+00  0.0000E+00
  4.7500E+02  2.1666E-01  7.5729E+01  1.5006E+02  1.3978E+01  2.1666E-01  5.4114E+01  1.5006E+02  2.0904E+01  8.4865E+00  3.0231E-01  4.2652E-01  0.0000E+00  5.1925E-01  0.0000E+00  0.0000E+00
  4.7600E+02  2.1666E-01  7.5729E+01  1.5006E+02  1.3978E+01  2.1666E-01  5.4114E+01  1.5006E+02  2.0904E+01  8.4865E+00  2.6481E-01  2.8880E-01  0.0000E+00  4.7246E-01  0.0000E+00  0.0000E+00
  4.7700E+02  2.1666E-01  7.5729E+01  1.5006E+02  1.3978E+01  2.1666E-01  5.4114E+01  1.5006E+02  2.0904E+01  8.4865E+00  2.3323E-01  2.5956E-01  0.0000E+00  4.3009E-01  0.0000E+00  0.0000E+00
  4.7800E+02  2.1666E-01  7.5729E+01  1.5006E+02  1.3978E+01  2.1666E-01  5.4114E+01  1.5006E+02  2.0904E+01  8.4865E+00  2.0671E-01  1.9496E-01  0.0000E+00  3.9224E-01  0.0000E+00  0.0000E+00
  4.7900E+02  2.1666E-01  7.5729E+01  1.5006E+02  1.3978E+01  2.1666E-01  5.4114E+01  1.5006E+02  2.0904E+01  8.4865E+00  1.8445E-01  9.8636E-02  0.0000E+00  3.5873E-01  0.0000E+00  0.0000E+00
  4.8000E+02  2.1666E-01  7.5729E+01  1.5006E+02  1.3978E+01  2.1666E-01  5.4114E+01  1.5006E+02  2.0904E+01  8.4865E+00  1.6574E-01  2.0772E-01  0.0000E+00  3.2925E-01  0.0000E+00  0.0000E+00
  4.8100E+02  2.1666E-01  7.5729E+01  1.5006E+02  1.3978E+01  2.1666E-01  5.4114E+01  1.5006E+02  2.0904E+01  8.4865E+00  1.4995E-01  1.5150E-01  0.0000E+00  3.0340E-01  0.0000E+00  0.0000E+00
  4.8200E+02  2.1666E-01  7.5729E+01  1.5006E+02  1.3978E+01  2.1666E-01  5.4114E+01  1.5006E+02  2.0904E+01  8.4865E+00  1.3657E-01  1.4326E-01  0.0000E+00  2.8076E-01  0.0000E+00  0.0000E+00
  4.8300E+02  2.1666E-01  7.5729E+01  1.5006E+02  1.3978E+01  2.1666E-01  5.4114E+01  1.5006E+02  2.0904E+01  8.4865E+00  1.2517E-01  8.4028E-02  0.0000E+00  2.6094E-01  0.0000E+00  0.0000E+00
  4.8400E+02  2.1666E-01  7.5729E+01  1.5006E+02  1.3978E+01  2.1666E-01  5.4114E+01  1.5006E+02  2.0904E+01  8.4865E+00  1.1540E-01  1.7749E-01  0.0000E+00  2.4354E-01  0.0000E+00  0.0000E+00
  4.8500E+02  2.1666E-01  7.5729E+01  1.5006E+02  1.3978E+01  2.1666E-01  5.4114E+01  1.5006E+02  2.0904E+01  8.4865E+00  1.0697E-01  1.8255E-01  0.0000E+00  2.2824E-01  0.0000E+00  0.0000E+00
  4.8600E+02  2.1666E-01  7.5729E+01  1.5006E+02  1.3978E+01  2.1666E-01  5.4114E+01  1.5006E+02  2.0904E+01  8.4865E+00  9.9642E-02  9.0771E-02  0.0000E+00  2.1472E-01  0.0000E+00  0.0000E+00
  4.8700E+02  2.1666E-01  7.5729E+01  1.5006E+02  1.3978E+01  2.1666E-01  5.4114E+01  1.5006E+02  2.0904E+01  8.4865E+00  9.3223E-02  1.1428E-01  0.0000E+00  2.0273E-01  0.0000E+00  0.0000E+00
  4.8800E+02  2.1666E-01  7.5729E+01  1.5006E+02  1.3978E+01  2.1666E-01  5.4114E+01  1.5006E+02  2.0904E+01  8.4865E+00  8.7556E-02  7.5422E-02  0.0000E+00  1.9203E-01  0.0000E+00  0.0000E+00
  4.8900E+02  2.1666E-01  7.5729E+01  1.5006E+02  1.3978E+01  2.1666E-01  5.4114E+01  1.5006E+02  2.0904E+01  8.4865E+00  8.2515E-02  1.0173E-01  0.0000E+00  1.8243E-01  0.0000E+00  0.0000E+00
  4.9000E+02  2.1666E-01  7.5729E+01  1.5006E+02  1.3978E+01  2.1666E-01  5.4114E+01  1.5006E+02  2.0904E+01  8.4865E+00  4.9120E-01  6.7810E-01  0.0000E+00  5.0621E-01  0.0000E+00  0.0000E+00
  4.9100E+02  2.1666E-01  7.5729E+01  1.5006E+02  1.3978E+01  2.1666E-01  5.4114E+01  1.5006E+02  2.0904E+01  8.4865E+00  6.4947E-01  8.5283E-01  0.0000E+00  6.8250E-01  0.0000E+00  0.0000E+00
  4.9200E+02  2.1666E-01  7.5729E+01  1.5006E+02  1.3978E+01  2.1666E-01  5.4114E+01  1.5006E+02  2.0904E+01  8.4865E+00  6.7897E-01  8.0561E-01  0.0000E+00  7.6272E-01  0.0000E+00  0.0000E+00
  4.9300E+02  2.1666E-01  7.5729E+01  1.5006E+02  1.3978E+01  2.1666E-01  5.4114E+01  1.5006E+02  2.0904E+01  8.4865E+00  6.4639E-01  7.4595E-01  0.0000E+00  7.8208E-01  0.0000E+00  0.0000E+00
  4.9400E+02  2.1666E-01  7.5729E+01  1.5006E+02  1.3978E+01  2.1666E-01  5.4114E+01  1.5006E+02  2.0904E+01  8.4865E+00  5.8761E-01  6.8658E-01  0.0000E+00  7.6442E-01  0.0000E+00  0.0000E+00
  4.9500E+02  2.1666E-01  7.5729E+01  1.5006E+02  1.3978E+01  2.1666E-01  5.4114E+01  1.5006E+02  2.0904E+01  8.4865E+00  5.2130E-01  4.3907E-01  0.0000E+00  7.2566E-01  0.0000E+00  0.0000E+00
  4.9600E+02  2.1666E-01  7.5729E+01  1.5006E+02  1.3978E+01  2.1666E-01  5.4114E+01  1.5006E+02  2.0904E+01  8.4865E+00  4.5669E-01  2.6694E-01  0.0000E+00  6.7625E-01  0.0000E+00  0.0000E+00
  4.9700E+02  2.1666E-01  7.5729E+01  1.5006E+02  1.3978E+01  2.1666E-01  5.4114E+01  1.5006E+02  2.0904E+01  8.4865E+00  3.9792E-01  5.2345E-01  0.0000E+00  6.2287E-01  0.0000E+00  0.0000E+00
  4.9800E+02  2.1666E-01  7.5729E+01  1.5006E+02  1.3978E+01  2.1666E-01  5.4114E+01  1.5006E+02  2.0904E+01  8.4865E+00  3.4639E-01  1.3622E-01  0.0000E+00  5.6965E-01  0.0000E+00  0.0000E+00
  4.9900E+02  2.1666E-01  7.5729E+01  1.5006E+02  1.3978E+01  2.1666E-01  5.4114E+01  1.5006E+02  2.0904E+01  8.4865E+00  3.0216E-01  2.9969E-01  0.0000E+00  5.1901E-01  0.0000E+00  0.0000E+00
  5.0000E+02  2.1666E-01  7.5729E+01  1.5006E+02  1.3978E+01  2.1666E-01  5.4114E+01  1.5006E+02  2.0904E+01  8.4865E+00  2.6466E-01  8.0837E-02  0.0000E+00  4.7223E-01  0.0000E+00  0.0000E+00
  5.0100E+02  2.1666E-01  7.5729E+01  1.5006E+02  1.3978E+01  2.1666E-01  5.4114E+01  1.5006E+02  2.0904E+01  8.4865E+00  2.3309E-01  2.8782E-01  0.0000E+00  4.2986E-01  0.0000E+00  0.0000E+00
  5.0200E+02  2.1666E-01  7.5729E+01  1.5006E+02  1.3978E+01  2.1666E-01  5.4114E+01  1.5006E+02  2.0904E+01  8.4865E+00  2.0658E-01  2.3251E-01  0.0000E+00  3.9202E-01  0.0000E+00  0.0000E+00
  5.0300E+02  2.1666E-01  7.5729E+01  1.5006E+02  1.3978E+01  2.1666E-01  5.4114E+01  1.5006E+02  2.0904E+01  8.4865E+00  1.8432E-01  2.3274E-01  0.0000E+00  3.5852E-01  0.0000E+00  0.0000E+00
  5.0400E+02  2.1666E-01  7.5729E+01  1.5006E+02  1.3978E+01  2.1666E-01  5.4114E+01  1.5006E+02  2.0904E+01  8.4865E+00  1.6561E-01  1.6783E-01  0.0000E+00  3.2905E-01  0.0000E+00  0.0000E+00
  5.0500E+02  2.1666E-01  7.5729E+01  1.5006E+02  1.3978E+01  2.1666E-01  5.4114E+01  1.5006E+02  2.0904E+01  8.4865E+00  1.4983E-01  1.2401E-01  0.0000E+00  3.0320E-01  0.0000E+00  0.0000E+00
  5.0600E+02  2.1666E-01  7.5729E+01  1.5006E+02  1.3978E+01  2.1666E-01  5.4114E+01  1.5006E+02  2.0904E+01  8.4865E+00  1.3645E-01  1.4965E-01  0.0000E+00  2.8057E-01  0.0000E+00  0.0000E+00
  5.0700E+02  2.1666E-01  7.5729E+01  1.5006E+02  1.3978E+01  2.1666E-01  5.4114E+01  1.5006E+02  2.0904E+01  8.4865E+00  1.2506E-01  7.6075E-02  0.0000E+00  2.6075E-01  0.0000E+00  0.0000E+00
  5.0800E+02  2.1666E-01  7.5729E+01  1.5006E+02  1.3978E+01  2.1666E-01  5.4114E+01  1.5006E+02  2.0904E+01  8.4865E+00  1.1529E-01  1.0601E-01  0.0000E+00  2.4337E-01  0.0000E+00  0.0000E+00
  5.0900E+02  2.1666E-01  7.5729E+01  1.5006E+02  1.3978E+01  2.1666E-01  5.4114E+01  1.5006E+02  2.0904E+01  8.4865E+00  1.0687E-01  7.4751E-02  0.0000E+00  2.2807E-01  0.0000E+00  0.0000E+00
  5.1000E+02  2.1666E-01  7.5729E+01  1.5006E+02  1.3978E+01  2.1666E-01  5.4114E+01  1.5006E+02  2.0904E+01  8.4865E+00  9.9542E-02  5.9996E-02  0.0000E+00  2.1456E-01  0.0000E+00  0.0000E+00
  5.1100E+02  2.1666E-01  7.5729E+01  1.5006E+02  1.3978E+01  2.1666E-01  5.4114E+01  1.5006E+02  2.0904E+01  8.4865E+00  9.3126E-02  1.2299E-01  0.0000E+00  2.0257E-01  0.0000E+00  0.0000E+00
  5.1200E+02  2.1666E-01  7.5729E+01  1.5006E+02  1.3978E+01  2.1666E-01  5.4114E+01  1.5006E+02  2.0904E+01  8.4865E+00  8.7463E-02  5.7769E-02  0.0000E+00  1.9187E-01  0.0000E+00  0.0000E+00
  5.1300E+02  2.1666E-01  7.5729E+01  1.5006E+02  1.3978E+01  2.1666E-01  5.4114E+01  1.5006E+02  2.0904E+01  8.4865E+00  8.2425E-02  1.1370E-01  0.0000E+00  1.8228E-01  0.0000E+00  0.0000E+00
